20MICRONS 20190822 32.95 33.6 30.85 31.75 57976
21STCENMGM 20190822 12.5 12.5 12.25 12.25 131
3IINFOTECH 20190822 2.05 2.05 1.85 1.85 2271478
3MINDIA 20190822 20126 20490 20100 20236.1 495
3PLAND 20190822 6.1 6.1 5.25 5.7 1818
5PAISA 20190822 131 136 127.15 127.15 9220
63MOONS 20190822 99.95 107.35 99.25 104.75 781293
8KMILES 20190822 54.25 55.35 51.55 51.6 79188
A2ZINFRA 20190822 9.7 9.95 8.9 9.1 150893
AARTIDRUGS 20190822 459.7 462.75 442.2 458.2 185765
AARTIIND 20190822 1485 1485 1435 1467.3 156575
AARVEEDEN 20190822 12.7 14.45 12.7 12.95 3911
AAVAS 20190822 1451 1499.85 1449 1477.85 9947
ABAN 20190822 24 24.65 23.5 23.5 61461
ABB 20190822 1361.55 1364 1340 1349.45 48945
ABBOTINDIA 20190822 9015 9061.1 8800 8805.55 8880
ABCAPITAL 20190822 89.75 90.3 86.6 88 1339838
ABFRL 20190822 191 191.7 185 189.85 486546
ABSLNN50ET 20190822 255.61 255.61 253 253 52
ACC 20190822 1483.15 1489 1454.2 1464.6 1026298
ACCELYA 20190822 735.85 737.75 705 709.5 5130
ACE 20190822 54.2 55.05 49.8 50.6 156878
ADANIENT 20190822 130.95 131.3 126.1 126.9 3358838
ADANIGAS 20190822 152.1 153 145.35 146.3 289216
ADANIGREEN 20190822 43.6 44.5 43.2 43.5 486726
ADANIPORTS,20190822,348.8,348.8,340.8,345.05,2171160
ADANIPOWER,20190822,58.2,59.35,56.4,56.9,8491499
ADANITRANS,20190822,224.95,226.1,214.5,216.65,90609
ADFFOODS,20190822,253,255,241.05,245.6,26635
ADHUNIK,20190822,1.25,1.25,1.15,1.15,7340
ADHUNIKIND,20190822,86.5,89.8,86,87.8,55856
ADLABS,20190822,3.7,3.85,3.55,3.55,162209
ADORWELD,20190822,285.3,286.35,281.1,283.3,1796
ADROITINFO,20190822,10.8,10.8,10.8,10.8,10
ADSL,20190822,13.15,13.9,12.6,13.55,52154
ADVANIHOTR,20190822,53.05,57.55,50.75,50.95,2478
ADVENZYMES,20190822,150.5,152.85,146.7,147.05,39241
AEGISCHEM,20190822,201.1,203.5,196.7,198.85,115178
AFFLE,20190822,790,794.4,776.15,781.6,37736
AGARIND,20190822,127.05,132,122,127.05,39334
AGCNET,20190822,121.95,129.7,119,127.05,36542
AGLSL,20190822,46,46,44.95,45,2019
AGRITECH,20190822,45.6,48.25,44.15,44.85,13056
AGROPHOS,20190822,87.7,90.75,83.25,84,1213
AHLEAST,20190822,169,173,158.05,163.85,175
AHLUCONT,20190822,307.2,315,306,308.7,31791
AHLWEST,20190822,275,275,260,263.3,777
AIAENG,20190822,1610.95,1623.95,1582.05,1597.4,21560
AIONJSW,20190822,14.35,14.4,13.1,13.85,23787
AIRAN,20190822,17.55,19.25,17.5,17.7,7576
AJANTPHARM,20190822,951,967,931,963.2,92379
AJMERA,20190822,113,113,100,103,93564
AKSHARCHEM,20190822,201.4,201.4,188,189.55,3095
AKSHOPTFBR,20190822,6.55,6.55,5.3,5.6,1678748
AKZOINDIA,20190822,1701.05,1718,1687,1697.25,3233
ALANKIT,20190822,17.7,18.2,16.1,17.35,521157
ALBERTDAVD,20190822,350,358.85,331.1,334.25,4972
ALBK,20190822,32,32.2,30.25,30.7,1113222
ALCHEM,20190822,0.95,1.05,0.95,1.05,3250
ALEMBICLTD,20190822,51.95,52.1,46,48.5,445052
ALICON,20190822,382.3,388.05,360.3,361.55,1127
ALKALI,20190822,40.05,40.95,38.5,39.1,7440
ALKEM,20190822,1734.3,1799,1716.5,1753.75,165060
ALKYLAMINE,20190822,715.05,720.35,681.35,709.85,11514
ALLCARGO,20190822,92.4,93.9,89,91.25,112870
ALLSEC,20190822,272,272,262,263.45,1609
ALMONDZ,20190822,10.55,11.6,10.5,10.5,8689
ALOKTEXT,20190822,2.8,2.85,2.7,2.75,6574400
ALPA,20190822,14.65,14.95,13.75,14,14589
ALPHAGEO,20190822,192.05,192.05,180.35,181.3,12994
ALPSINDUS,20190822,0.5,0.5,0.4,0.5,11867
AMARAJABAT,20190822,610.1,610.7,590.15,602.8,606537
AMBER,20190822,815,854.8,795,825.4,27548
AMBIKCO,20190822,849.95,864.75,834,842.35,1944
AMBUJACEM,20190822,200.8,200.9,196.5,197.55,2970844
AMDIND,20190822,18.9,18.9,17.6,18.4,12540
AMJLAND,20190822,16.7,17.35,16.4,16.75,3944
AMRUTANJAN,20190822,290.15,290.7,282.85,286.75,16290
ANANTRAJ,20190822,25.5,25.5,24.1,24.3,226037
ANDHRABANK,20190822,18.3,18.3,17.55,17.65,590032
ANDHRACEMT,20190822,1.95,1.95,1.95,1.95,33287
ANDHRSUGAR,20190822,274.2,277.55,268.5,271.55,9705
ANIKINDS,20190822,8.3,8.3,7.75,7.75,360
ANKITMETAL,20190822,0.45,0.5,0.4,0.4,34490
ANSALAPI,20190822,3.8,4,3.8,3.8,29906
ANSALHSG,20190822,4.15,4.15,3.85,3.95,30044
ANTGRAPHIC,20190822,0.85,0.9,0.85,0.9,138736
ANUP,20190822,402.4,405,384,388,9446
APARINDS,20190822,521,532,519,528.15,19927
APCL,20190822,138.6,144.95,137.05,142.95,3603
APCOTEXIND,20190822,211.15,212,196,200.05,12166
APEX,20190822,211,211.6,200,202.6,30490
APLAPOLLO,20190822,1293,1300,1250,1277,8031
APLLTD,20190822,499,505.15,496,500.6,20734
APOLLO,20190822,77.5,79.7,73.65,74.45,34462
APOLLOHOSP,20190822,1470,1475.3,1445.3,1451.1,602866
APOLLOTYRE,20190822,161.9,165.45,161.25,163.3,2229324
APOLSINHOT,20190822,820,837,799.95,802.25,1383
APTECHT,20190822,122.25,125,115,123.85,190239
ARCHIDPLY,20190822,25.05,25.1,23.45,23.65,8410
ARCHIES,20190822,17.65,17.75,16.65,16.85,28085
ARCOTECH,20190822,2.15,2.25,2.1,2.1,34061
ARIES,20190822,51.5,51.9,48.3,48.85,20988
ARIHANT,20190822,15.05,16.65,15.05,16.05,2376
ARIHANTSUP,20190822,32,32.85,30,30,4355
ARMANFIN,20190822,365.1,370,365,368.35,3333
AROGRANITE,20190822,36.95,37,33,33.75,7376
ARROWGREEN,20190822,48.25,48.25,44.4,44.55,4245
ARROWTEX,20190822,9.45,10.5,9.45,10.2,13927
ARSHIYA,20190822,17.6,18.4,16.5,16.6,8297
ARSSINFRA,20190822,25.75,25.75,24.5,24.5,7425
ARVIND,20190822,48.35,48.45,45.25,45.75,6327541
ARVINDFASN,20190822,488,490,470.6,481.75,28860
ARVSMART,20190822,86.6,88.7,84.5,86.3,20901
ASAHIINDIA,20190822,180.1,182.9,175.25,177,6098
ASAHISONG,20190822,121,121,118,118.7,1282
ASAL,20190822,31.5,31.65,29.85,30.9,3251
ASHAPURMIN,20190822,28.1,28.1,25.65,25.65,21914
ASHIANA,20190822,109.3,109.35,107,108.15,16477
ASHIMASYN,20190822,6.75,6.95,6.3,6.7,28941
ASHOKA,20190822,117.45,117.45,109.15,112.95,173555
ASHOKLEY,20190822,62.3,62.5,57.4,57.9,33586076
ASIANHOTNR,20190822,92.95,93.05,87.3,89,462
ASIANPAINT,20190822,1585.2,1593.9,1566.3,1570.2,985590
ASIANTILES,20190822,204.4,207.95,195.05,197.05,42663
ASPINWALL,20190822,131,137.85,124,131.25,2775
ASSAMCO,20190822,1.05,1.05,0.95,1,82079
ASTEC,20190822,361.5,364.5,345.2,361.2,15751
ASTERDM,20190822,118,119.1,113,115.3,84650
ASTRAL,20190822,1264.95,1264.95,1230.05,1239.3,24569
ASTRAMICRO,20190822,73.35,73.5,70.45,72,68093
ASTRAZEN,20190822,1700,1721.95,1660,1675,12062
ASTRON,20190822,88,88.5,85.65,87.2,547225
ATFL,20190822,480.4,493,466.05,479.75,4654
ATLANTA,20190822,6.2,6.4,6.2,6.2,7160
ATLASCYCLE,20190822,37.05,38.3,35.8,35.85,2430
ATNINTER,20190822,0.15,0.15,0.1,0.15,35702
ATUL,20190822,3548.95,3575,3480,3532,13385
ATULAUTO,20190822,205.05,212,199,200.2,19169
AUBANK,20190822,690,692.25,664.5,671.6,205763
AURIONPRO,20190822,98,99.1,93,93.95,6930
AUROPHARMA,20190822,589.5,600.7,583.85,590.8,1979062
AUSOMENT,20190822,29.3,34.85,29.3,30.6,1963
AUTOAXLES,20190822,776.6,780.95,733.5,738.4,9870
AUTOIND,20190822,36.3,36.3,34.5,34.8,22868
AUTOLITIND,20190822,22.4,22.95,20.5,21.45,1647
AVADHSUGAR,20190822,206.5,209.75,196,200.5,53889
AVANTIFEED,20190822,296,296.95,281.5,282.55,230628
AVTNPL,20190822,20.8,21.55,20.65,21.25,27120
AXISBANK,20190822,665,669.85,657.75,661.15,9262172
AXISCADES,20190822,61.5,61.5,58,59,223394
AXISGOLD,20190822,3308,3325,3278,3291.05,452
AXISNIFTY,20190822,1122.3,1122.3,1101.05,1110.72,124
AYMSYNTEX,20190822,31.9,31.95,27.8,29.3,8231
BAFNAPHARM,20190822,3.7,3.7,3.7,3.7,7626
BAGFILMS,20190822,2.9,2.9,2.3,2.6,235695
BAJAJ-AUTO,20190822,2762,2775,2731.3,2744.25,428855
BAJAJCON,20190822,252.1,265.15,243.8,245.65,84156
BAJAJELEC,20190822,373.2,373.25,357,360.2,127193
BAJAJFINSV,20190822,7164,7186.25,6740,6767.35,710196
BAJAJHIND,20190822,5.75,5.8,5.35,5.4,1300687
BAJAJHLDNG,20190822,3370,3389.7,3330,3350.2,18968
BAJFINANCE,20190822,3259,3259,3098.45,3114.1,2506194
BALAJITELE,20190822,47,47.5,45,47,33341
BALAMINES,20190822,240.25,248.5,230,232.1,14678
BALAXI,20190822,92.15,92.15,83.6,83.6,771
BALKRISHNA,20190822,17,17,15.65,16.2,5684
BALKRISIND,20190822,739.5,743.9,725,735.2,340002
BALLARPUR,20190822,0.7,0.7,0.65,0.65,4904243
BALMLAWRIE,20190822,170.25,171.3,161.1,164.2,137850
BALPHARMA,20190822,34.25,35.9,33.05,34.45,18617
BALRAMCHIN,20190822,120.15,127.3,117.6,125.3,2051769
BANARBEADS,20190822,41,42.9,40.7,40.9,527
BANARISUG,20190822,1250,1250,1144,1146.4,1339
BANCOINDIA,20190822,97.5,98.45,94.2,94.8,12355
BANDHANBNK,20190822,469,476,452.25,458.45,836231
BANG,20190822,32,32.7,30,31.2,2445
BANKBARODA,20190822,94.3,95,89.65,90.65,32838820
BANKBEES,20190822,2826.5,2826.5,2761,2768.4,8816
BANKINDIA,20190822,65,65.25,61.75,62.4,8158794
BANSWRAS,20190822,62,62.5,57.65,60.05,1459
BARTRONICS,20190822,2.35,2.55,2.35,2.45,24866
BASF,20190822,983.5,994.95,975,985.35,3870
BASML,20190822,125.4,127,122,124.6,2943
BATAINDIA,20190822,1471.5,1475.85,1448,1457.15,443401
BAYERCROP,20190822,3077.7,3147.8,3056.9,3109.5,3142
BBL,20190822,859.05,869.8,840,844.55,2934
BBTC,20190822,759.9,767.5,737,759.1,55266
BCG,20190822,3.3,3.35,3.15,3.15,317195
BCP,20190822,12.05,12.05,12.05,12.05,20
BDL,20190822,285,287.8,264.85,269.1,31601
BEARDSELL,20190822,12,12,11,11.5,1194
BEDMUTHA,20190822,12.05,13.5,11.55,12.75,35448
BEL,20190822,92.85,94.2,92.1,93.3,11671269
BEML,20190822,758,759,720.25,735.25,660510
BEPL,20190822,55.1,56,51.4,52.05,231380
BERGEPAINT,20190822,363.55,365.5,357.3,361.85,704578
BFINVEST,20190822,256.1,257.35,244.15,248.75,33302
BFUTILITIE,20190822,166,166,148.25,151.45,462721
BGLOBAL,20190822,1.05,1.05,0.95,1,5659
BGRENERGY,20190822,37.1,37.85,35.15,36.45,155871
BHAGERIA,20190822,107.85,107.85,100.8,102.3,13358
BHAGYANGR,20190822,20.5,20.5,18.7,19.25,3527
BHAGYAPROP,20190822,22.5,23.35,20.6,20.6,13575
BHANDARI,20190822,1.35,1.35,1.2,1.25,67305
BHARATFORG,20190822,389.5,391.75,380,383.8,957945
BHARATGEAR,20190822,60.2,63.9,56.4,57.65,7465
BHARATRAS,20190822,4649,4689.8,4411.15,4435.55,1943
BHARATWIRE,20190822,31.5,32,29.05,31.4,9554
BHARTIARTL,20190822,355,357.2,351,352.75,3113528
BHEL,20190822,48.15,48.8,47.7,48,13547673
BIGBLOC,20190822,24,26.9,22.6,23.65,2387
BIL,20190822,205.05,205.1,205.05,205.05,209
BILENERGY,20190822,1.75,1.75,1.75,1.75,24562
BINANIIND,20190822,11.8,12.65,11.45,11.45,7527
BINDALAGRO,20190822,9.25,9.55,7.85,8.05,88646
BIOCON,20190822,224.7,226.25,218.05,221.9,6412842
BIOFILCHEM,20190822,5.6,5.6,5.6,5.6,51
BIRLACABLE,20190822,44,44,40.2,40.6,66081
BIRLACORPN,20190822,551,557.75,528,534.8,39229
BIRLAMONEY,20190822,31.15,31.3,29,29.65,37952
BKMINDST,20190822,1.5,1.5,1.45,1.45,1303
BLBLIMITED,20190822,3.5,3.5,3.2,3.25,2755
BLISSGVS,20190822,90.2,91.75,81.9,81.9,220260
BLKASHYAP,20190822,9.75,9.75,8.85,8.85,39912
BLS,20190822,80.4,80.55,79.3,80,132731
BLUEBLENDS,20190822,1.6,1.6,1.6,1.6,400
BLUEDART,20190822,2205.1,2241.65,2188,2222.75,1446
BLUESTARCO,20190822,718,728.5,706.05,710.1,19842
BODALCHEM,20190822,71.1,71.1,66.4,67.05,82437
BOMDYEING,20190822,68.6,68.65,62.95,63.55,928722
BOROSIL,20190822,125,125.05,113.1,114.35,64401
BOSCHLTD,20190822,13645.7,13773.45,13213.25,13402.95,18075
BPCL,20190822,328,329.85,309.55,313,5788469
BPL,20190822,16.8,16.8,14.8,15.15,96130
BRFL,20190822,5.65,5.9,5.4,5.45,36099
BRIGADE,20190822,270.1,272.15,265,265.8,136531
BRITANNIA,20190822,2393.5,2477,2393,2440.75,1252406
BRNL,20190822,71.05,74.4,65.5,70.9,5349
BROOKS,20190822,34.2,34.25,30.45,32.15,38063
BSE,20190822,490,496.95,481.1,485.65,219908
BSELINFRA,20190822,1,1.1,1,1,28568
BSL,20190822,24.05,24.05,22.5,22.65,3933
BSLGOLDETF,20190822,3484.95,3484.95,3433,3438.75,29
BSLNIFTY,20190822,118.4,118.4,117,117,140
BSOFT,20190822,59.95,60.5,58.1,58.95,1055583
BURNPUR,20190822,1.65,1.65,1.65,1.65,25625
BUTTERFLY,20190822,148.05,149.05,142.2,144,19706
BVCL,20190822,13,14.25,13,14.25,32
BYKE,20190822,16.1,16.45,15,15.25,67414
CADILAHC,20190822,210,217.3,206.5,213.85,2368701
CALSOFT,20190822,17.3,18.4,16.15,17.45,91701
CAMLINFINE,20190822,55,56.4,52.8,52.9,77257
CANBK,20190822,219.7,221.65,208.3,209.8,6638311
CANFINHOME,20190822,377.5,381.55,356.4,368.65,167603
CANTABIL,20190822,230.05,230.05,209,221.45,14426
CAPACITE,20190822,182.6,185,176.2,180.35,153457
CAPLIPOINT,20190822,404,410,397.95,403.5,21330
CAPTRUST,20190822,78.1,78.1,70.7,72.45,12862
CARBORUNIV,20190822,274.5,274.5,267,269.85,14910
CAREERP,20190822,66.2,69,65.1,66.9,28442
CARERATING,20190822,570.2,579.45,521,531.1,92946
CASTEXTECH,20190822,0.45,0.55,0.45,0.45,278228
CASTROLIND,20190822,116,116.6,112.75,114.05,957430
CCHHL,20190822,3.65,3.65,3.35,3.35,16684
CCL,20190822,241.1,246.35,239.85,243.6,18267
CDSL,20190822,189.8,189.8,187.05,188.65,134565
CEATLTD,20190822,877.3,880,852.3,867.5,118935
CEBBCO,20190822,13.4,13.4,12.9,13,8280
CELEBRITY,20190822,7.2,7.8,7.1,7.7,50721
CELESTIAL,20190822,3.2,3.25,3.2,3.2,12095
CENTENKA,20190822,170.4,171.15,161.3,163.25,22050
CENTEXT,20190822,2.6,2.75,2.55,2.55,12306
CENTRALBK,20190822,18.3,18.65,17.55,18.1,701649
CENTRUM,20190822,27.8,28.45,27.4,28.15,111900
CENTUM,20190822,376.5,382.9,361.55,367.45,3781
CENTURYPLY,20190822,131.9,131.9,125,126.45,214765
CENTURYTEX,20190822,831,836.2,805,811.8,724509
CERA,20190822,2438,2438,2375.05,2384.25,2966
CEREBRAINT,20190822,23,23,21.85,22.4,91316
CESC,20190822,766,778,750.3,755.6,398894
CESCVENT,20190822,370,372,355,359.25,9880
CGCL,20190822,153.5,159.4,151,157.8,382139
CGPOWER,20190822,10.7,11.35,10.7,10.7,23503826
CHALET,20190822,341.6,347.8,338.15,344.95,55036
CHAMBLFERT,20190822,140,140,133.8,135.8,148008
CHEMFAB,20190822,160.55,160.55,156.1,160,1545
CHENNPETRO,20190822,192.35,194.45,183,190.75,309361
CHOLAFIN,20190822,255.65,258.95,247.05,249.15,1254602
CHOLAHLDNG,20190822,458,472,458,464.35,363309
CHROMATIC,20190822,0.55,0.55,0.5,0.55,2855
CIGNITITEC,20190822,268.9,272.9,260.6,263.25,34364
CIMMCO,20190822,18.6,18.6,16.5,16.75,20924
CINELINE,20190822,35.75,35.75,31.75,34.25,38212
CINEVISTA,20190822,6.15,6.75,6.15,6.4,6102
CIPLA,20190822,464.9,469.95,460.6,464,1398888
CKFSL,20190822,1.25,1.25,1.25,1.25,16474
CLEDUCATE,20190822,87,88.25,81.1,84.25,1522
CLNINDIA,20190822,294.2,301.95,290.7,291.05,10972
CMICABLES,20190822,55.65,60.9,50.8,56.15,44297
CNOVAPETRO,20190822,8.7,9,8.15,8.5,302
COALINDIA,20190822,188,188.45,177.7,180.85,13370852
COCHINSHIP,20190822,345,345,333.45,334.75,99818
COFFEEDAY,20190822,75.45,76.1,74.25,76.1,1122715
COLPAL,20190822,1200.05,1203.3,1180,1189.9,274176
COMPINFO,20190822,10.2,10.8,9,9.4,137395
COMPUSOFT,20190822,8.35,8.5,7.85,7.95,12834
CONCOR,20190822,482.95,488,480,482.3,805042
CONFIPET,20190822,22,23,20.25,20.7,288350
CONSOFINVT,20190822,34.3,35.35,28.4,34.35,723
CONTROLPR,20190822,250.3,254.4,242.2,249.2,9512
CORALFINAC,20190822,11.3,13.85,11.3,11.7,12261
CORDSCABLE,20190822,39.15,39.2,36.15,36.45,3882
COROMANDEL,20190822,359.6,362.1,350,357.75,82539
CORPBANK,20190822,18.5,18.5,17.6,17.9,186784
COSMOFILMS,20190822,212.05,213,201,203.95,16662
COUNCODOS,20190822,1.65,1.65,1.65,1.65,2065
COX&KINGS,20190822,5.85,5.85,5.85,5.85,106688
CPSEETF,20190822,21.97,22,21.36,21.43,28167477
CREATIVE,20190822,74,75.5,72.75,72.95,7131
CREDITACC,20190822,507.4,516.45,500,508.15,46555
CREST,20190822,73.65,75.5,73.65,74.9,1201
CRISIL,20190822,1249,1267.65,1243.3,1251.1,10975
CRMFGETF,20190822,3599.95,3599.95,3599.95,3599.95,2
CROMPTON,20190822,224.05,226.6,220.3,223.55,1647670
CTE,20190822,28.05,28.45,26.2,26.9,8024
CUB,20190822,199.5,199.8,193.5,196.05,492940
CUBEXTUB,20190822,10.75,10.75,9,10.5,284
CUMMINSIND,20190822,565,574.8,555.25,568.75,363030
CUPID,20190822,125.1,128.4,123,123.6,23414
CYBERTECH,20190822,47,48.85,45.4,45.5,26352
CYIENT,20190822,435.05,443.6,433.05,440.6,80930
DAAWAT,20190822,20.8,20.9,19,19.3,599075
DABUR,20190822,425,431.85,424.8,427.5,1582956
DALBHARAT,20190822,957.85,957.85,921.25,933.95,34640
DALMIASUG,20190822,77.7,78.5,72,72.7,153785
DAMODARIND,20190822,28,29.45,26.8,29.4,161
DATAMATICS,20190822,69,71.25,63.5,65.05,56282
DBCORP,20190822,146.05,148.9,136.3,139.1,135301
DBL,20190822,408.5,408.5,329.25,337.15,501511
DBREALTY,20190822,6.45,6.7,6.45,6.45,117755
DCAL,20190822,177,178.55,160.55,166.15,103040
DCBBANK,20190822,209,210.75,188.65,193.8,1073564
DCM,20190822,19,20.7,17.1,17.65,12633
DCMNVL,20190822,22.6,30.9,22.6,27.85,7747
DCMSHRIRAM,20190822,396.8,397.5,373.1,380,228880
DCW,20190822,15.05,15.7,15.05,15.6,130708
DECCANCE,20190822,360.3,364.9,345.1,347,2956
DEEPAKFERT,20190822,81.95,82.65,77.6,77.85,104397
DEEPAKNTR,20190822,270.6,271.75,259.3,260.15,179798
DEEPIND,20190822,101.15,101.85,96,96.65,21683
DELTACORP,20190822,146.25,147.65,142,145.95,430988
DELTAMAGNT,20190822,38.2,38.2,38.2,38.2,10
DEN,20190822,81.9,92,78.55,89.2,2888493
DENORA,20190822,210,215,202,204.75,974
DFMFOODS,20190822,262,269.4,251.05,254.85,8192
DGCONTENT,20190822,6.85,7.3,6.75,6.9,5945
DHAMPURSUG,20190822,148.95,149.45,143.25,144.5,346847
DHANBANK,20190822,13.55,13.55,12.75,12.95,505141
DHANUKA,20190822,319.65,328.4,308.8,325.15,34482
DHARSUGAR,20190822,6.5,6.5,5.8,6.25,6638
DHFL,20190822,45.75,45.8,39,39.8,20450162
DHUNINV,20190822,214.55,215.55,205.1,205.55,438
DIAMONDYD,20190822,750.2,778,743.2,755,5047
DICIND,20190822,308.55,316.45,304,313.7,824
DIGJAMLTD,20190822,1.45,1.45,1.35,1.4,22434
DISHTV,20190822,22.35,23.15,21.25,21.65,24620778
DIVISLAB,20190822,1537.6,1576.3,1531.5,1568.5,604653
DIXON,20190822,2218,2371.65,2172.15,2302,17861
DLF,20190822,168.8,168.9,137.65,144.45,86786146
DLINKINDIA,20190822,88.05,88.8,84,84.3,23711
DMART,20190822,1481.75,1504,1477.35,1485.75,380913
DNAMEDIA,20190822,0.35,0.4,0.35,0.35,3151
DOLAT,20190822,37.5,38.5,36,36.55,40540
DOLLAR,20190822,211,215,210,212.05,12310
DOLPHINOFF,20190822,16.2,16.25,15,15.05,44856
DONEAR,20190822,27.8,27.9,25.4,27.1,32710
DPSCLTD,20190822,14.5,15,13.15,13.25,26503
DQE,20190822,3.1,3.1,3.1,3.1,1
DREDGECORP,20190822,316.5,316.65,300,301.95,73172
DRREDDY,20190822,2503,2560,2503,2545.4,529785
DSSL,20190822,26.05,26.85,24.85,24.95,4365
DTIL,20190822,168,168,159.95,161.6,1581
DUCON,20190822,4.85,5.3,4.8,5.15,46939
DVL,20190822,73.15,73.75,71.1,72,4668
DWARKESH,20190822,21.75,21.75,20.9,21.15,304419
DYNAMATECH,20190822,1201.1,1206,1200,1200.45,506
DYNPRO,20190822,124.85,124.85,116.2,118.85,7518
EASTSILK,20190822,0.75,0.75,0.7,0.7,2366
EASUNREYRL,20190822,3.7,3.8,3.5,3.6,6154
EBANK,20190822,3085,3085,3085,3085,1
ECLERX,20190822,488.1,488.1,452,471.45,23549
EDELWEISS,20190822,114.55,115.75,105,106.6,2260490
EICHERMOT,20190822,16005,16052,15480.05,15523.35,159623
EIDPARRY,20190822,147.1,150.2,145.2,145.55,74176
EIHAHOTELS,20190822,303.4,303.4,295.4,300,2118
EIHOTEL,20190822,151.5,155,145.5,150.7,139244
EIMCOELECO,20190822,272.05,276.05,263.5,266.6,632
EKC,20190822,20.05,20.25,19.2,19.6,50337
ELAND,20190822,4.75,4.85,4.4,4.4,6248
ELECON,20190822,28.8,29.25,27.9,28.05,34335
ELECTCAST,20190822,14.3,14.3,13.2,13.55,74413
ELECTHERM,20190822,129.9,134.25,120.2,120.2,27473
ELGIEQUIP,20190822,241.45,243.9,239.65,242.45,129680
ELGIRUBCO,20190822,17.5,17.5,16.75,16.8,5343
EMAMILTD,20190822,295,295,280,282.85,75540
EMAMIPAP,20190822,82.05,82.05,80.4,80.4,429
EMAMIREAL,20190822,42.55,44,40.45,40.5,14035
EMCO,20190822,1.15,1.2,1.1,1.1,11544
EMKAY,20190822,54.2,57.65,52.55,54,8569
EMMBI,20190822,130.2,130.25,123.15,128.25,11997
ENDURANCE,20190822,880.1,884,856,862,15756
ENERGYDEV,20190822,4.85,4.85,4.6,4.6,11248
ENGINERSIN,20190822,96.5,100.25,94.15,95.5,3433100
ENIL,20190822,360,367.95,354.45,356.7,1010
EON,20190822,13,13,12.3,12.6,8013
EQUITAS,20190822,105,105.25,101.35,102.4,2140626
ERIS,20190822,395,398.95,392.65,394.85,72636
EROSMEDIA,20190822,12.65,12.65,11.8,11.8,538765
ESABINDIA,20190822,978.15,978.15,942,948.3,4083
ESCORTS,20190822,447,449.6,429.5,432.65,2082491
ESSARSHPNG,20190822,7,7,6.3,6.3,9144
ESSELPACK,20190822,84,84,78.75,81.35,303241
ESTER,20190822,33.8,35.35,32.55,33.45,58339
EUROCERA,20190822,0.55,0.55,0.55,0.55,3360
EUROMULTI,20190822,0.45,0.45,0.45,0.45,300
EVEREADY,20190822,81.3,81.45,77.25,77.3,49284
EVERESTIND,20190822,318,318.8,307.45,310.1,17331
EXCEL,20190822,0.95,0.95,0.85,0.85,32728
EXCELCROP,20190822,2550,2594,2498.55,2536,2904
EXCELINDUS,20190822,755,792.85,743.6,758.85,8543
EXIDEIND,20190822,174,178.8,168.5,170.6,2715392
EXPLEOSOL,20190822,273.05,277.35,251.05,256.1,4796
FACT,20190822,34.35,34.4,31.8,32,33021
FAIRCHEM,20190822,470.15,488,463,466.3,8163
FCL,20190822,23.2,23.6,22.1,22.6,108533
FCONSUMER,20190822,30.6,31.1,29.05,29.95,977899
FCSSOFT,20190822,0.3,0.3,0.25,0.25,917193
FDC,20190822,157.2,159.7,156,156.65,15264
FEDERALBNK,20190822,82,82.5,79.8,80.4,9099476
FEL,20190822,25.8,26.95,25.2,25.6,226897
FELDVR,20190822,24.05,25.7,23.25,24.05,3843
FIEMIND,20190822,382.75,388.85,370,376.7,10465
FILATEX,20190822,38,38,36.1,36.5,50411
FINCABLES,20190822,370.75,375.45,355.65,367.95,41582
FINEORG,20190822,1420.45,1440,1420.4,1429.9,4253
FINPIPE,20190822,501,503.4,497.7,500.1,23932
FLEXITUFF,20190822,15.3,15.3,12.7,13.35,6426
FLFL,20190822,437,440.45,425.65,430.1,6290
FMGOETZE,20190822,506,506,493.55,495.2,3398
FMNL,20190822,35.15,35.15,31.9,31.9,9020
FORCEMOT,20190822,1237,1258,1181,1190.45,19168
FORTIS,20190822,122.4,123.2,120.15,121.55,419979
FOSECOIND,20190822,1174.05,1177,1140.4,1165.25,423
FRETAIL,20190822,419.7,424,409.5,413.7,516140
FSC,20190822,523,535,516,524.05,6694
FSL,20190822,48.8,49.2,46.1,46.55,1115224
GABRIEL,20190822,95.05,95.65,93,95,58345
GAEL,20190822,129,134.95,125,133.25,63728
GAIL,20190822,122,124.7,119.75,120.65,13016276
GAL,20190822,3,3.2,2.75,3,33840
GALAXYSURF,20190822,1300,1311.25,1283.9,1306.1,34044
GALLANTT,20190822,24.95,25,24,24.45,9498
GALLISPAT,20190822,22.45,22.45,19.5,19.7,46769
GAMMNINFRA,20190822,0.35,0.35,0.3,0.3,830438
GANDHITUBE,20190822,277,289.95,275,286.3,230
GANECOS,20190822,248,252.9,237.1,246.9,10940
GANESHHOUC,20190822,32.15,32.9,31.25,31.55,15887
GANGESSECU,20190822,37.95,37.95,36,36,51
GARDENSILK,20190822,9.85,9.85,8.9,9.1,6821
GARFIBRES,20190822,1036.2,1052,1033.05,1041.45,8214
GATI,20190822,40.05,40.4,36.8,37.5,449208
GAYAHWS,20190822,0.6,0.7,0.55,0.55,75729
GAYAPROJ,20190822,113.9,116,111,113.5,14829
GDL,20190822,94.2,95.3,89.5,90.6,72423
GEECEE,20190822,77.05,79.05,73.5,76.3,4816
GENESYS,20190822,87.95,87.95,79,79.2,14388
GENUSPAPER,20190822,4.5,4.7,4.15,4.25,56763
GENUSPOWER,20190822,20.2,21,20.2,20.4,102726
GEOJITFSL,20190822,22.55,22.95,22.4,22.7,140259
GEPIL,20190822,723.3,745,707.65,736.35,38396
GESHIP,20190822,248.7,248.7,235,237.5,43819
GET&D,20190822,150.95,154.7,142.7,151.15,57248
GFLLIMITED,20190822,54.6,54.6,54.6,54.6,27779
GFSTEELS,20190822,1.8,1.8,1.8,1.8,650
GHCL,20190822,195.5,195.5,184.4,185.5,95676
GICHSGFIN,20190822,172,172.05,160.05,161.85,133059
GICRE,20190822,173,174,158,160.25,166362
GILLANDERS,20190822,32.5,32.95,30,30.25,304
GILLETTE,20190822,7089,7150.7,7057.9,7124.3,8415
GINNIFILA,20190822,8,8.5,7.6,7.8,57290
GIPCL,20190822,71.55,71.55,68.9,69.35,167282
GKWLIMITED,20190822,704.1,711,681.1,709.3,96
GLAXO,20190822,1210,1219,1197.6,1205.15,34312
GLENMARK,20190822,363.5,365.65,356.3,359.9,1002173
GLOBALVECT,20190822,57.35,58.8,57.35,57.35,6691
GLOBOFFS,20190822,5.8,6.5,5.75,6.15,13514
GLOBUSSPR,20190822,99,100,96,97.1,35261
GMBREW,20190822,360,362,345.5,348.25,13519
GMDCLTD,20190822,62.05,62.5,60.1,60.45,113795
GMMPFAUDLR,20190822,1385.05,1404.95,1375,1388.05,6402
GMRINFRA,20190822,14.8,15.05,14.45,14.7,35282914
GNA,20190822,226.5,235,225.05,232,47144
GNFC,20190822,185.85,185.85,172,177.35,455287
GOACARBON,20190822,241.5,241.5,215,218.2,97129
GOCLCORP,20190822,295.05,295.05,273.2,280.6,2106
GODFRYPHLP,20190822,972,972.8,896.2,916.95,268145
GODREJAGRO,20190822,448.75,454,433,437.8,70594
GODREJCP,20190822,611.9,621.7,603.3,607.8,623589
GODREJIND,20190822,440,440,426,428.15,125421
GODREJPROP,20190822,904,904,878.05,889.5,511856
GOKEX,20190822,75.05,76.65,73.5,73.8,20038
GOKUL,20190822,12.75,13.1,12.4,12.65,87619
GOKULAGRO,20190822,12.05,12.8,12.05,12.6,4152
GOLDBEES,20190822,3308.75,3324.95,3300,3319.95,19775
GOLDENTOBC,20190822,30,30.05,28.95,29.1,1278
GOLDIAM,20190822,97.45,97.45,89.4,90.7,46343
GOLDSHARE,20190822,3335,3357.85,3335,3349,1808
GOLDTECH,20190822,11,11.15,10.4,10.95,19454
GOODLUCK,20190822,53,54,49.15,49.9,25159
GPIL,20190822,154.8,154.8,131.1,135.1,158072
GPPL,20190822,79.9,81,76.65,79.95,101420
GPTINFRA,20190822,36.1,39.85,33.6,36.95,2588
GRANULES,20190822,91.45,92.6,87.95,88.55,443983
GRAPHITE,20190822,283,286.6,275.1,276.5,890842
GRASIM,20190822,691.9,708.8,681.25,688.55,2271012
GRAVITA,20190822,37.35,39,36.5,36.6,40814
GREAVESCOT,20190822,119.15,120.25,115.4,115.9,258874
GREENLAM,20190822,700,705,686.1,697.75,2192
GREENPLY,20190822,140.7,150,139.55,145.45,715628
GREENPOWER,20190822,2.2,2.4,2.2,2.4,204075
GRINDWELL,20190822,559,575.1,554,565.35,25317
GRPLTD,20190822,920.05,920.05,860.1,863.35,415
GRSE,20190822,128,129.75,125.5,126.4,128280
GRUH,20190822,245.25,250.25,227.3,232.1,858994
GSCLCEMENT,20190822,17.25,17.8,17.15,17.3,55421
GSFC,20190822,72.5,72.5,68.5,70.75,349473
GSKCONS,20190822,8000,8134.2,7970,8095.35,13152
GSPL,20190822,218.25,219.95,213.6,216,278257
GSS,20190822,37.5,39.45,36.95,37.05,20292
GTL,20190822,1.95,2.1,1.9,2,86788
GTLINFRA,20190822,0.55,0.55,0.5,0.5,6337342
GTNIND,20190822,6.3,6.3,5.8,5.8,6699
GTNTEX,20190822,6,6.7,6,6.65,1817
GTPL,20190822,77.8,79,73.1,76.35,77333
GUFICBIO,20190822,59.05,60.45,56.5,57.25,49492
GUJALKALI,20190822,382.1,393.45,380,380.75,18361
GUJAPOLLO,20190822,132.4,135,116.2,122.8,1512
GUJGASLTD,20190822,183.1,184,177.5,179.15,89984
GULFOILLUB,20190822,845,869.85,845,860,8100
GULFPETRO,20190822,36.25,37.8,34.8,35,22196
GULPOLY,20190822,37.65,41.2,37.65,39.1,31881
GVKPIL,20190822,4.7,4.7,4.3,4.35,1228748
HAL,20190822,663,663,647.15,650,32626
HARITASEAT,20190822,395.25,406,385.05,394.35,2386
HARRMALAYA,20190822,51.5,51.55,45.8,46.6,53370
HATHWAY,20190822,33,38.45,32.9,34.3,5679745
HATSUN,20190822,604,611.4,580.05,585.5,4094
HAVELLS,20190822,647.5,665,643.35,657.2,1541113
HAVISHA,20190822,0.7,0.7,0.65,0.65,2501
HBLPOWER,20190822,14,14.15,12.85,13.05,277269
HCC,20190822,7.75,7.8,7.3,7.35,1195937
HCG,20190822,108.5,108.5,100.05,102.55,12132
HCL-INSYS,20190822,8.55,8.7,7.65,7.9,511085
HCLTECH,20190822,1070.5,1086.35,1056.05,1078.9,1290490
HDFC,20190822,2066,2073.5,2007.95,2014.1,2424936
HDFCAMC,20190822,2199,2199.6,2125.9,2138.2,232733
HDFCBANK,20190822,2220.85,2220.85,2167.05,2174.1,3498011
HDFCLIFE,20190822,533.95,538.35,525.4,528.45,5344682
HDFCMFGETF,20190822,3424.7,3430,3391.1,3406.2,6123
HDFCNIFETF,20190822,1142,1143.28,1123.03,1127.61,1224
HDFCSENETF,20190822,3911.01,3911.01,3840.5,3857.47,373
HDIL,20190822,7.05,7.05,7.05,7.05,797947
HEG,20190822,954,960.05,886.1,894.3,261267
HEIDELBERG,20190822,201.85,202.8,186,187.45,280133
HERCULES,20190822,76.1,77.1,73.3,74.05,5610
HERITGFOOD,20190822,329.2,331.3,319.5,328.4,13259
HEROMOTOCO,20190822,2713,2714.25,2606,2626.25,1102826
HESTERBIO,20190822,1631.1,1644.9,1585.05,1593.65,5305
HEXATRADEX,20190822,11.5,12.35,11.4,12.3,2163
HEXAWARE,20190822,381.6,384,376.6,378.2,502014
HFCL,20190822,19.6,19.6,18.65,18.7,1414295
HGINFRA,20190822,219,219,200.1,211.85,12880
HGS,20190822,558.95,572,535,548.5,8716
HIGHGROUND,20190822,1.75,1.75,1.65,1.65,17676
HIKAL,20190822,147.9,147.95,141,141.7,79354
HIL,20190822,1232,1238.35,1181.8,1186.65,4135
HILTON,20190822,9.05,9.5,8.6,8.95,5748
HIMATSEIDE,20190822,126,127.9,124,124.75,43385
HINDALCO,20190822,174,179.3,172.65,176.55,7128023
HINDCOMPOS,20190822,181.1,185,172,173.85,2728
HINDCOPPER,20190822,30.05,30.2,28.2,28.8,548980
HINDMOTORS,20190822,5.1,5.25,5,5.05,39273
HINDNATGLS,20190822,23.75,24.35,23.75,24.35,1895
HINDOILEXP,20190822,101.7,101.7,95.05,95.9,138366
HINDPETRO,20190822,238.05,238.9,225,226.45,3064511
HINDUJAVEN,20190822,308,315.1,297.05,308.75,1695
HINDUNILVR,20190822,1850.45,1880,1841.9,1872.1,2543055
HINDZINC,20190822,201,202.9,198.05,199.4,648688
HIRECT,20190822,123.2,125.95,120.55,121.3,4713
HISARMETAL,20190822,40,41.8,37.7,38.35,1874
HITECH,20190822,173.05,184.8,166.25,174,2445
HITECHCORP,20190822,78.4,78.4,70.75,72.6,903
HITECHGEAR,20190822,173,173,154.65,155.55,3101
HMVL,20190822,72.2,74.3,70.65,71.2,5554
HNDFDS,20190822,390,406.85,383,397.2,1077
HNGSNGBEES,20190822,3048.99,3048.99,2999.89,3022,28
HONAUT,20190822,22900,23167.7,22811,22939.6,557
HONDAPOWER,20190822,882.35,914,882.35,907.1,3053
HOTELEELA,20190822,7.05,7.2,6.2,6.65,75616
HOVS,20190822,71.1,74.65,71,71.2,1158
HPL,20190822,39.2,39.2,36.8,37.35,24773
HSCL,20190822,78.05,79.5,75,76.2,304396
HSIL,20190822,53.05,53.05,53.05,53.05,4816
HTMEDIA,20190822,23.05,23.5,21.4,22.8,76153
HUBTOWN,20190822,16.15,16.3,15.7,16,66725
HUDCO,20190822,32.5,32.75,30.2,30.35,1074609
IBMFNIFTY,20190822,105.01,108.7,102.6,107.08,777
IBREALEST,20190822,71,71,66.1,67.15,2331899
IBULHSGFIN,20190822,470,470,438.3,450.55,29104118
IBULISL,20190822,95,95,90.55,90.55,22183
IBVENTURES,20190822,198,198,170.1,190.25,1634197
ICICI500,20190822,143.01,143.07,141,141.28,4907
ICICIB22,20190822,32.41,32.56,31.88,32.07,168650
ICICIBANK,20190822,411,412.5,398,399.1,18182520
ICICIBANKN,20190822,277,277,270,270.8,20551
ICICIBANKP,20190822,155.5,155.5,151.7,151.81,1050
ICICIGI,20190822,1125.25,1148.7,1120.25,1139.45,232069
ICICIGOLD,20190822,34.65,34.65,33.55,33.95,28023
ICICILIQ,20190822,999.95,1000,999.95,999.99,2063
ICICILOVOL,20190822,86,86.03,85.3,85.42,639
ICICIMCAP,20190822,58.01,59,57.4,57.48,12722
ICICINF100,20190822,118.08,118.08,116,116.09,909
ICICINIFTY,20190822,116,117,112.9,113.17,117833
ICICINV20,20190822,54.75,54.75,53.3,53.49,4530
ICICINXT50,20190822,26.4,26.49,25.4,25.47,26248
ICICIPRULI,20190822,386,386,376.8,382.6,1825277
ICICISENSX,20190822,400,400,388.15,388.69,1105
ICIL,20190822,44.3,44.3,38.9,39.95,202517
ICRA,20190822,2706.2,2711.95,2620.05,2647.5,8165
ICSA,20190822,1.55,1.55,1.55,1.55,500
IDBI,20190822,25.2,25.35,24.05,24.45,4736522
IDBIGOLD,20190822,3488,3488,3451.5,3474.65,371
IDEA,20190822,5.55,5.75,5.2,5.3,132541611
IDFC,20190822,33.3,33.85,32.7,33.2,843682
IDFCFIRSTB,20190822,43.35,43.4,42.4,43,17864835
IEX,20190822,129.6,136.75,129.6,134.4,178512
IFBAGRO,20190822,271.05,293,268.55,277.6,3528
IFBIND,20190822,640.5,640.55,602.65,606.35,5698
IFCI,20190822,7.15,7.15,6.95,7,1003301
IFGLEXPOR,20190822,145.2,146.95,140.2,142.9,614
IGARASHI,20190822,199.15,205.95,188.15,193.3,57598
IGL,20190822,325.95,325.95,314.55,321.95,1366072
IGPL,20190822,162,162,152,154.2,12619
IIFL,20190822,111,117,111,113.2,49915
IITL,20190822,68,72.4,57.55,62.35,9594
IMFA,20190822,150.3,152,144,146.8,41381
IMPAL,20190822,800,812.95,800,801.55,539
IMPEXFERRO,20190822,0.3,0.3,0.3,0.3,12500
INDBANK,20190822,7.2,7.2,6.6,6.75,26308
INDHOTEL,20190822,129,130.3,123.5,126.15,2602257
INDIACEM,20190822,75.9,76,70.55,70.95,1632387
INDIAGLYCO,20190822,197.25,199.85,186.4,187.5,47624
INDIAMART,20190822,1147.95,1160,1110,1150.3,16447
INDIANB,20190822,173,173.05,166.05,167.3,336054
INDIANCARD,20190822,85,85,82.05,83.5,452
INDIANHUME,20190822,250,253.75,246,246.25,37484
INDIGO,20190822,1625,1650,1614.8,1621.1,1244084
INDLMETER,20190822,18.25,18.25,18.25,18.25,948
INDNIPPON,20190822,330.05,349.75,310.2,314.25,5102
INDOCO,20190822,143,144.8,135.1,138.65,20810
INDORAMA,20190822,28.65,29,25.5,26.9,48434
INDOSTAR,20190822,275,278,272,274.2,12237
INDOTECH,20190822,79,79.85,76.05,77.85,6502
INDOTHAI,20190822,20.7,20.9,19.05,19.55,1155
INDOWIND,20190822,2.8,3,2.55,2.7,78703
INDRAMEDCO,20190822,37.25,37.25,35.25,35.9,23143
INDSWFTLAB,20190822,35.3,35.5,32.3,33.15,249780
INDSWFTLTD,20190822,3.8,4.15,3.8,4,4848
INDTERRAIN,20190822,80.5,80.5,71.45,72.8,7355
INDUSINDBK,20190822,1365.95,1365.95,1330.05,1335.65,4436240
INEOSSTYRO,20190822,589,603.25,571,596.7,70661
INFIBEAM,20190822,40.8,40.8,39.6,39.85,926746
INFOBEAN,20190822,60.15,61.85,59,60.4,6988
INFRABEES,20190822,307.38,307.38,302.51,303,223
INFRATEL,20190822,246.1,248.75,244.25,246.55,1636043
INFY,20190822,799.9,801.3,792.35,795.7,5222488
INGERRAND,20190822,594.55,594.55,585,585.9,20521
INOXLEISUR,20190822,275.1,275.1,253.65,263.1,148465
INOXWIND,20190822,34.9,37,33.05,33.65,140984
INSECTICID,20190822,593,599.9,587.7,592.3,11248
INSPIRISYS,20190822,43.85,43.85,39.35,40.25,3517
INTEGRA,20190822,0.2,0.2,0.2,0.2,3
INTELLECT,20190822,219.75,222.05,209.4,211,561569
INTENTECH,20190822,25.4,25.65,23,23.65,12609
INVENTURE,20190822,10.5,11.7,10.5,11.15,3318
IOB,20190822,9.75,9.75,8.75,9.2,675217
IOC,20190822,121.05,121.5,116.4,117.8,9252625
IOLCP,20190822,187.65,189.75,182.5,183.85,272099
IPAPPM,20190822,440.8,441.8,440.4,440.8,68208
IPCALAB,20190822,940,964.95,940,959.05,137563
IRB,20190822,85.3,85.55,80.6,81.4,895445
IRCON,20190822,350.95,354,346,350.9,24904
ISEC,20190822,205.75,206.95,200,203.15,134629
ISFT,20190822,76,79.7,74.1,79.7,3282
ISMTLTD,20190822,3.95,4.2,3.65,4.1,60823
ITC,20190822,242.2,246,239,240.05,10513066
ITDC,20190822,168.15,168.15,154.05,155.75,14914
ITDCEM,20190822,69.8,69.8,67.55,68.1,132925
ITI,20190822,67.25,67.65,59.6,60.2,626681
IVC,20190822,3.25,3.3,2.85,3,126631
IVP,20190822,62,62,56.1,57,452
IVRCLINFRA,20190822,0.45,0.45,0.4,0.4,301752
IVZINGOLD,20190822,3449,3449,3381,3381,14
IVZINNIFTY,20190822,1168.7,1168.7,1152.8,1152.8,2
IZMO,20190822,26.65,27.4,26.15,26.15,14820
J&KBANK,20190822,35.2,35.85,33.1,33.4,668641
JAGRAN,20190822,69.95,70.05,68.35,69.4,86193
JAGSNPHARM,20190822,21,22,20.45,21.15,6816
JAIBALAJI,20190822,18.45,18.45,16.85,16.95,2617
JAICORPLTD,20190822,72.5,72.5,66.15,67.55,745067
JAMNAAUTO,20190822,33.9,33.9,31.45,31.85,598214
JAYAGROGN,20190822,148.1,148.1,141.7,142.45,3522
JAYBARMARU,20190822,162.4,167.85,148.1,152.05,96924
JAYNECOIND,20190822,3.8,4,3.8,4,15012
JAYSREETEA,20190822,43.25,44.25,40.4,40.75,59064
JBCHEPHARM,20190822,380.05,382,378.25,380,109039
JBFIND,20190822,7.6,7.6,6.9,6.9,11851
JBMA,20190822,148.8,150,136.85,139.7,12231
JCHAC,20190822,1561.1,1584.8,1560.05,1573.75,4079
JETAIRWAYS,20190822,32.9,32.9,32.9,32.9,28818
JHS,20190822,13.9,14.45,12.7,13.05,111323
JINDALPHOT,20190822,15.15,15.15,14.85,14.9,1060
JINDALPOLY,20190822,239,239.1,228,228.55,16668
JINDALSAW,20190822,66.35,66.55,64.5,65.05,294152
JINDALSTEL,20190822,97.65,100.7,95.6,96.95,21182375
JINDCOT,20190822,4.35,4.6,4.2,4.2,55362
JINDRILL,20190822,67.3,68.25,64.2,65.6,12373
JINDWORLD,20190822,64,64,60.15,61.35,104265
JISLDVREQS,20190822,15,15.2,14.45,14.45,9977
JISLJALEQS,20190822,20.05,20.4,19.1,19.65,887489
JITFINFRA,20190822,6.5,6.95,6.5,6.9,4550
JIYAECO,20190822,52.35,53.1,46.05,46.9,425955
JKCEMENT,20190822,1001,1009.95,987.85,994.4,21993
JKIL,20190822,126.95,128,113.1,115.4,276262
JKLAKSHMI,20190822,325.05,325.05,318.95,320.3,42053
JKPAPER,20190822,101,101.85,96.75,97.15,389722
JKTYRE,20190822,56.55,57.1,55.25,56.45,772250
JMA,20190822,23.5,23.5,22,22.8,1407
JMCPROJECT,20190822,116.9,118.8,111.15,112.75,24796
JMFINANCIL,20190822,71.35,71.9,69.65,70.6,248903
JMTAUTOLTD,20190822,1.3,1.35,1.25,1.25,101599
JOCIL,20190822,78.05,81.5,75.35,76.6,638
JPASSOCIAT,20190822,2.2,2.2,2.1,2.1,2703282
JPINFRATEC,20190822,1.15,1.15,1,1,2340591
JPOLYINVST,20190822,17.5,17.5,16.7,17.2,812
JPPOWER,20190822,1.7,1.7,1.55,1.55,1421015
JSL,20190822,28.8,28.8,26.8,28.3,283445
JSLHISAR,20190822,64.05,64.3,61.25,62.3,94034
JSWENERGY,20190822,67.4,67.9,66.8,67.3,1233381
JSWHL,20190822,2692,2789,2607.9,2686.8,7098
JSWSTEEL,20190822,215,220.4,212.8,217,6938275
JTEKTINDIA,20190822,71.75,71.75,68.1,68.2,49547
JUBILANT,20190822,434.7,434.7,405,409.4,213713
JUBLFOOD,20190822,1130,1150,1091.95,1105.6,1193035
JUBLINDS,20190822,92.1,99,92.1,93.9,6016
JUMPNET,20190822,57.75,57.75,55,55.45,106257
JUNIORBEES,20190822,265.9,265.9,260.73,261.1,103077
JUSTDIAL,20190822,681.7,682,654,676.2,2572348
JYOTHYLAB,20190822,150.05,151.9,148.65,150.35,33678
KABRAEXTRU,20190822,62.9,63.75,61.3,62.9,14034
KAJARIACER,20190822,476,479.05,467,471.9,156339
KAKATCEM,20190822,152.35,152.45,142.15,143.75,10672
KALPATPOWR,20190822,480.05,489,465,465.95,95573
KALYANIFRG,20190822,164.15,170,162.05,162.4,40
KAMATHOTEL,20190822,31.9,32,29.5,29.85,21250
KAMDHENU,20190822,83.4,84.3,80,80.65,8625
KANANIIND,20190822,3.45,3.7,3.35,3.35,357
KANORICHEM,20190822,40,40,38.35,38.7,4424
KANSAINER,20190822,467,477,462,473,58689
KARDA,20190822,181.25,188,177.6,181.5,56830
KARMAENG,20190822,9.25,10.15,9.25,10,3464
KARURVYSYA,20190822,59.05,59.5,57.35,58.45,396033
KAVVERITEL,20190822,2.55,2.65,2.55,2.65,40
KAYA,20190822,335.3,352.9,316,321.9,7931
KCP,20190822,69.25,71.45,67.15,70.65,105385
KCPSUGIND,20190822,11.55,11.8,11.2,11.45,87256
KDDL,20190822,330,338.95,310,310.2,1071
KEC,20190822,270,272.35,250,251.2,394993
KECL,20190822,8,8.3,6.75,7.1,34393
KEI,20190822,462.8,462.8,390.3,415.95,154792
KELLTONTEC,20190822,17.55,18.15,16.65,17.1,153146
KENNAMET,20190822,988.95,1019,920,970.55,8572
KERNEX,20190822,19.7,19.7,19.7,19.7,185
KESARENT,20190822,30.2,31.35,28.55,28.8,2559
KESORAMIND,20190822,57,57.1,51.3,52.55,237550
KEYFINSERV,20190822,31.8,31.8,31.8,31.8,8
KGL,20190822,0.5,0.5,0.4,0.45,2435998
KHADIM,20190822,184,185.6,176,180.15,20810
KHAITANELE,20190822,1.4,1.4,1.4,1.4,100
KHAITANLTD,20190822,19.55,20.8,17.25,18.05,4145
KHANDSE,20190822,12.4,12.4,12.4,12.4,100
KICL,20190822,1579,1600,1569.95,1582.75,705
KILITCH,20190822,99.05,106.35,97.25,100.05,38243
KINGFA,20190822,576.4,582,554.45,559.65,5266
KIOCL,20190822,116.2,119.65,110.6,113.25,16684
KIRIINDUS,20190822,395.5,397.8,395,395.1,58003
KIRLOSBROS,20190822,147.05,150,145.2,145.95,6543
KIRLOSENG,20190822,169.05,169.9,162.55,166.45,10115
KIRLOSIND,20190822,662.6,698,662.6,681,363
KITEX,20190822,74.5,75.2,72,72.85,34201
KKCL,20190822,960.35,990,955,965.65,127
KMSUGAR,20190822,6.65,6.75,6.5,6.65,88224
KNRCON,20190822,248.4,249.85,238,241.2,137223
KOHINOOR,20190822,15.05,15.4,14.5,14.55,28776
KOKUYOCMLN,20190822,63.95,64.9,59.15,60,28905
KOLTEPATIL,20190822,218.6,222.45,210.1,211.6,49471
KOPRAN,20190822,27,27.35,26.25,26.65,17716
KOTAKBANK,20190822,1503.95,1510,1472.4,1478.25,1874751
KOTAKBKETF,20190822,284.1,284.1,277.1,278.04,83624
KOTAKGOLD,20190822,335.85,344.6,334.8,336.75,63017
KOTAKNIFTY,20190822,113.09,113.09,111.33,111.53,52832
KOTAKNV20,20190822,55,55.75,54.8,54.84,10184
KOTAKPSUBK,20190822,246.1,247.25,230.2,236.85,11149
KOTARISUG,20190822,10.65,10.65,9.9,9.95,14550
KOTHARIPET,20190822,17,18.05,16.05,17.4,48227
KOTHARIPRO,20190822,57,58.4,55.05,56.2,1833
KPITTECH,20190822,92.15,94.9,87.05,91.85,93258
KPRMILL,20190822,570,573.85,545.35,547.95,5973
KRBL,20190822,222,222.2,212.05,216.6,38193
KREBSBIO,20190822,77,77,70.95,72.25,1640
KRIDHANINF,20190822,9.95,9.95,9.7,9.7,23536
KRISHANA,20190822,59.7,59.95,52,52.05,709
KSB,20190822,579.6,589.7,573,576.45,3429
KSCL,20190822,442,453.85,440,444,132364
KSERASERA,20190822,0.15,0.15,0.1,0.1,678489
KSK,20190822,0.7,0.7,0.6,0.6,807493
KSL,20190822,180.25,180.3,176.5,177.2,30835
KTIL,20190822,33.05,34.5,32.25,32.6,1650
KTKBANK,20190822,74.2,74.85,73.1,73.5,572934
KWALITY,20190822,2.05,2.2,2,2.05,855401
L&TFH,20190822,96.9,97.5,92.05,93.15,6981978
LAKSHVILAS,20190822,39.95,40.6,39.95,39.95,1718906
LALPATHLAB,20190822,1201.05,1214.8,1160,1177.85,59124
LAMBODHARA,20190822,30.75,31,28.95,29.15,14055
LAOPALA,20190822,154.2,155.75,147.25,148.95,23846
LASA,20190822,10.3,10.35,10.1,10.1,9841
LAURUSLABS,20190822,334.1,336.9,325,330.3,13964
LAXMIMACH,20190822,3709.3,3709.3,3600,3601.3,18394
LEMONTREE,20190822,52.25,53.35,51.8,53,5201436
LFIC,20190822,57.55,57.6,52.5,54.9,300
LGBBROSLTD,20190822,331,338.95,315,332.8,6284
LGBFORGE,20190822,2.75,2.75,2.7,2.7,1138
LIBAS,20190822,43.95,44,40.5,42.45,543
LIBERTSHOE,20190822,86.7,86.7,81,81.7,39860
LICHSGFIN,20190822,437,439.05,406.2,414,32190046
LICNETFGSC,20190822,20.34,21,19.7,19.71,110788
LICNETFN50,20190822,114.65,114.65,114.65,114.65,14
LICNFNHGP,20190822,113.7,113.7,111.2,111.2,661
LINCOLN,20190822,139.1,141.5,133.9,135.4,19360
LINCPEN,20190822,201.8,201.8,189.3,190,834
LINDEINDIA,20190822,478.1,485,476,480.5,13216
LIQUIDBEES,20190822,999.55,1000.01,999.55,1000,971246
LIQUIDETF,20190822,999.99,1000.01,999.99,1000,3459
LOKESHMACH,20190822,34.05,35.45,33.05,33.6,3890
LOTUSEYE,20190822,20,21.1,19.05,19.85,5001
LOVABLE,20190822,69.9,69.95,61.1,61.9,18391
LPDC,20190822,1.8,1.85,1.75,1.75,1770
LSIL,20190822,0.5,0.55,0.45,0.45,544593
LT,20190822,1302,1327.45,1283.15,1294.25,3780476
LTI,20190822,1607.05,1618.5,1587.35,1597.9,72205
LTTS,20190822,1561,1587.9,1555.3,1572.45,89951
LUMAXIND,20190822,1183,1195,1150,1159.35,1623
LUMAXTECH,20190822,80,80,77.5,77.5,11914
LUPIN,20190822,735.3,746,730.55,737.35,1029795
LUXIND,20190822,1008.8,1015,984,999.35,46953
LYKALABS,20190822,16.65,17.4,16.15,16.2,6308
LYPSAGEMS,20190822,4,4.05,3.85,3.85,9873
M&M,20190822,521.55,523.75,509.85,511.8,2516270
M&MFIN,20190822,315.05,319.9,303.3,305.45,2627843
M100,20190822,16.3,16.39,15.81,15.99,80811
M50,20190822,106.3,106.82,103.89,104.9,1097
MAANALU,20190822,68.5,69,67.6,67.65,1880
MADHAV,20190822,23.45,23.45,21.8,22.3,2021
MADHUCON,20190822,4.75,4.75,4.5,4.5,19696
MADRASFERT,20190822,19.2,19.2,18.3,18.5,73894
MAGADSUGAR,20190822,89.4,92.8,81.8,82.9,6110
MAGMA,20190822,67.95,68.7,65.2,66.55,15304
MAGNUM,20190822,3.35,3.65,3.35,3.35,5082
MAHABANK,20190822,11.6,11.7,10.7,11.3,489089
MAHAPEXLTD,20190822,79.95,79.95,79.95,79.95,1
MAHASTEEL,20190822,114,118,112.65,113.9,11170
MAHESHWARI,20190822,250.05,260.5,250,257.45,13351
MAHINDCIE,20190822,150,151,138.1,143.4,232733
MAHLIFE,20190822,375.3,375.3,363.85,368.2,9596
MAHLOG,20190822,342,354.7,326,346.05,103367
MAHSCOOTER,20190822,4088.95,4088.95,3850,3879.65,2781
MAHSEAMLES,20190822,397.95,404.9,365,370.05,27587
MAITHANALL,20190822,425.05,429.9,401.15,404,21581
MAJESCO,20190822,406.4,424,399.3,417.4,126523
MALUPAPER,20190822,19.5,20,18.5,19.85,5486
MAN50ETF,20190822,110,110,108.15,108.77,27788
MANAKALUCO,20190822,4.75,4.75,4.25,4.25,17182
MANAKCOAT,20190822,4.6,4.6,4.2,4.2,2467
MANAKSIA,20190822,31.65,31.65,29.05,29.55,5406
MANAKSTEEL,20190822,11.4,12.4,10.55,11.05,10919
MANALIPETC,20190822,17.1,17.45,16.75,16.95,138125
MANAPPURAM,20190822,122,122.5,117.6,118.1,3443430
MANGALAM,20190822,28.4,30.15,27.05,27.4,13977
MANGCHEFER,20190822,27.5,28.65,26.65,27.15,43570
MANGLMCEM,20190822,242.45,244.15,236,239.25,3780
MANGTIMBER,20190822,7.45,7.45,6.75,7.4,1601
MANINDS,20190822,37,39.7,35.3,38.15,55538
MANINFRA,20190822,20.55,22,19.05,20.1,173778
MANPASAND,20190822,17.65,18.2,17.25,17.25,136925
MANUGRAPH,20190822,13.95,14.1,13.25,13.85,2101
MARALOVER,20190822,16.05,16.05,15.1,15.25,5659
MARATHON,20190822,70.85,71.5,61,63.1,5178
MARICO,20190822,393,394.3,389.5,391.6,1200418
MARKSANS,20190822,14.2,14.5,13.45,13.95,506541
MARUTI,20190822,6200,6298.5,6168,6208.55,1551394
MASFIN,20190822,619.95,619.95,588.85,607.65,11329
MASTEK,20190822,313.45,315,302,313.3,30170
MATRIMONY,20190822,546.05,559.95,535.3,540.4,575
MAWANASUG,20190822,29,29.25,26.75,27.2,137624
MAXINDIA,20190822,57,57,54.3,54.65,54671
MAXVIL,20190822,47.45,48.4,43.5,46.05,61204
MAYURUNIQ,20190822,215.5,217.25,211,213.05,11155
MAZDA,20190822,341.1,342.05,322.2,334.55,407
MBAPL,20190822,80.65,81.5,70.5,77.5,16587
MBECL,20190822,5.3,5.3,4.85,5.2,71265
MBLINFRA,20190822,6,6,6,6,55674
MCDHOLDING,20190822,21,22.8,19.8,20.45,321144
MCDOWELL-N,20190822,577.1,587.4,561,564.4,2496040
MCLEODRUSS,20190822,11.1,11.6,10.9,10.95,71076
MCX,20190822,838.85,851.8,825.35,838.35,320484
MEGASOFT,20190822,6,6.25,5.9,6,6611
MEGH,20190822,43.8,44,42.05,42.3,501096
MENONBE,20190822,62.25,62.25,59,59.25,6465
MEP,20190822,29.9,30.35,28.7,29.65,340799
MERCATOR,20190822,1.45,1.55,1.45,1.45,122588
METALFORGE,20190822,5.8,6,5.65,5.65,2041
METROPOLIS,20190822,1057.5,1057.5,1005.05,1042.2,51376
MFSL,20190822,443.4,454,435.35,439.55,1440299
MGL,20190822,848,855.95,831.05,834.1,1221526
MHRIL,20190822,211.7,213.5,209.2,211.65,99752
MIC,20190822,0.85,0.85,0.85,0.85,9596
MIDHANI,20190822,110.5,112.4,110.1,110.95,52722
MINDACORP,20190822,73.4,74.7,68.3,69.25,72061
MINDAIND,20190822,314.95,314.95,301,305.9,57248
MINDTECK,20190822,30,32.7,28.6,29.6,4995
MINDTREE,20190822,700.2,703.8,681,693.3,465046
MIRCELECTR,20190822,11.95,12.2,11,11.05,87945
MIRZAINT,20190822,55.05,55.5,53.95,54,148822
MMFL,20190822,338,354.65,332,338.75,7632
MMTC,20190822,18.55,18.95,17.6,18,412287
MOHITIND,20190822,5.7,5.7,4.6,5,3091
MOHOTAIND,20190822,14.2,14.2,13.2,13.3,5280
MOIL,20190822,122.35,125,118.65,120.8,196309
MOLDTECH,20190822,48.05,50.95,46.15,46.85,9411
MOLDTKPAC,20190822,272,275,270,273.95,20472
MONSANTO,20190822,2090,2090,2017.05,2059.85,1844
MONTECARLO,20190822,243.7,250.35,232.15,234.25,4501
MORARJEE,20190822,12,12.75,11.8,12.5,2551
MOREPENLAB,20190822,16,16.2,15.25,15.45,562669
MOTHERSUMI,20190822,96.9,97.45,94.9,96.75,14628668
MOTILALOFS,20190822,560,575,538.3,559.1,38351
MPHASIS,20190822,965.1,974,954.05,964.85,132065
MPSLTD,20190822,453.65,459.8,433,436.65,8638
MRF,20190822,57502,57700,56979,57572.45,5127
MRO-TEK,20190822,19.9,19.9,19.9,19.9,1020
MRPL,20190822,47.1,47.25,45.6,45.9,132673
MSPL,20190822,5.6,5.6,4.8,4.9,5977
MSTCLTD,20190822,78.1,80,76.5,76.7,8693
MTEDUCARE,20190822,37.45,37.45,37.45,37.45,13799
MTNL,20190822,5.55,5.65,4.85,4.9,1952037
MUKANDENGG,20190822,11.55,12.25,10.45,10.65,13969
MUKANDLTD,20190822,30.4,31.35,30.4,30.5,5820
MUKTAARTS,20190822,36.1,36.1,33.45,34.4,19223
MUNJALAU,20190822,36.8,36.8,33.2,33.8,135853
MUNJALSHOW,20190822,126.55,128.15,120.3,121.2,10572
MURUDCERA,20190822,12.9,12.9,11.7,12.35,22582
MUTHOOTCAP,20190822,510,511,505,505.1,4024
MUTHOOTFIN,20190822,609.8,619.35,593.25,597.95,785726
MVL,20190822,0.2,0.2,0.15,0.15,184089
N100,20190822,548,550,545,548.98,13166
NACLIND,20190822,26.45,26.45,25.6,25.9,43724
NAGAFERT,20190822,4.25,4.3,4.1,4.1,409612
NAGAROIL,20190822,0.25,0.25,0.2,0.2,319758
NAGREEKCAP,20190822,6.05,7,6.05,6.2,1957
NAGREEKEXP,20190822,13.75,13.75,12.45,13.45,932
NAHARCAP,20190822,62,62.9,58.45,59.15,6322
NAHARINDUS,20190822,23.6,23.95,22.55,22.65,3466
NAHARPOLY,20190822,33.75,34.2,32.1,32.15,5365
NAHARSPING,20190822,48.25,49.75,47.1,48.95,6731
NATCOPHARM,20190822,535.3,545.6,528.95,543.05,102834
NATHBIOGEN,20190822,356.7,365.8,349,351.75,6179
NATIONALUM,20190822,39,39.3,37.7,38,8247526
NATNLSTEEL,20190822,2.2,2.2,2.2,2.2,1245
NAUKRI,20190822,2140,2150.95,2039,2053.45,442685
NAVINFLUOR,20190822,693.4,708.85,661.35,691.6,112799
NAVKARCORP,20190822,23.45,23.65,22.55,22.65,121699
NAVNETEDUL,20190822,100.05,100.4,98.6,99.85,17102
NBCC,20190822,30.4,30.6,29.05,29.25,16533130
NBIFIN,20190822,1360,1375,1360,1372.75,769
NBVENTURES,20190822,86,86.5,82.85,83.45,40516
NCC,20190822,54.2,54.95,51.3,51.85,15850020
NCLIND,20190822,104,110,102.95,104.55,32741
NDGL,20190822,562.1,562.1,529.5,529.5,96
NDL,20190822,27.05,28.4,25.6,26.05,11253
NDTV,20190822,36.95,36.95,34,34.75,31910
NECCLTD,20190822,5.3,6.2,5.3,5.5,471479
NECLIFE,20190822,13.5,13.55,12.7,12.75,70116
NELCAST,20190822,37,37.95,35.15,35.95,13107
NELCO,20190822,212.05,217.75,208.15,209.9,20028
NEOGEN,20190822,313.95,320,305,308.6,13974
NESCO,20190822,520.05,532,519,524.75,18749
NESTLEIND,20190822,12640,12799,12405.25,12470,100858
NETF,20190822,110.3,110.3,108.4,108.4,4
NETWORK18,20190822,20.8,20.9,17.35,18.3,382857
NEULANDLAB,20190822,494.45,495.1,452.25,459.1,10797
NEWGEN,20190822,298,298,289,290.95,9355
NEXTMEDIA,20190822,11.95,14.15,10.85,14.15,91996
NFL,20190822,25.3,25.3,23.85,24,254256
NH,20190822,225.2,230.35,222.8,228.6,26101
NHPC,20190822,23.3,23.35,23.15,23.25,1862225
NIACL,20190822,106.15,106.15,103.15,104.4,38877
NIBL,20190822,5.85,6.15,5.7,5.8,5117
NIFTYBEES,20190822,1163,1163,1136.54,1138.68,84959
NIITLTD,20190822,90.6,90.95,86.9,87.6,262157
NIITTECH,20190822,1367.9,1374.95,1351.75,1360.7,176916
NILAINFRA,20190822,4.7,4.7,4.25,4.35,179417
NILASPACES,20190822,1.55,1.55,1.45,1.45,135559
NILKAMAL,20190822,993.95,997.4,973,992.1,8875
NIPPOBATRY,20190822,441.05,445.8,437.05,443.15,444
NITCO,20190822,20.75,20.75,18.45,20,56021
NITESHEST,20190822,1.7,1.8,1.7,1.7,136982
NITINFIRE,20190822,0.65,0.65,0.65,0.65,247047
NITINSPIN,20190822,48,51.5,46,47.3,45406
NKIND,20190822,26.65,26.65,26.65,26.65,3
NLCINDIA,20190822,54.7,55.45,53.55,54.25,1178881
NMDC,20190822,89.4,90.25,77.8,78.7,22563884
NOCIL,20190822,76.6,77.2,74,75.7,357597
NOIDATOLL,20190822,3.25,3.85,2.9,3.3,114333
NRAIL,20190822,169,172.55,160,160.4,9095
NRBBEARING,20190822,91,91.7,88.4,88.9,42187
NSIL,20190822,900,925,890,890,2512
NTL,20190822,0.6,0.65,0.6,0.65,3699
NTPC,20190822,118,118.4,113.85,114.75,16991585
NUCLEUS,20190822,317.75,318.1,310.05,314.75,5519
OAL,20190822,178.55,195,178.55,186.45,1439
OBEROIRLTY,20190822,500,503.95,475.3,484.55,1280417
OCCL,20190822,1024,1024,972,981,3622
OFSS,20190822,2851.05,2927.35,2851.05,2909,47408
OIL,20190822,143.6,144.65,141.7,142.35,691681
OILCOUNTUB,20190822,5.5,6.2,5.5,5.65,6278
OISL,20190822,5.7,5.7,5.7,5.7,2729
OLECTRA,20190822,189.8,190,179,181.25,32085
OMAXAUTO,20190822,45.8,45.8,40.25,40.85,71666
OMAXE,20190822,195.2,200,194.25,197.45,116805
OMKARCHEM,20190822,5.4,5.5,5.25,5.4,21166
OMMETALS,20190822,16.2,16.35,14.5,14.95,33670
ONELIFECAP,20190822,7.1,7.1,7.1,7.1,1050
ONEPOINT,20190822,17.25,17.5,14.45,15.5,45618
ONGC,20190822,121.2,121.5,116.2,116.95,8867462
ONMOBILE,20190822,29.05,30.2,29.05,29.9,265487
ONWARDTEC,20190822,62,62.05,59.1,59.75,4883
OPTIEMUS,20190822,41.6,41.6,41.6,41.6,5305
OPTOCIRCUI,20190822,3.95,4,3.6,3.85,303916
ORBTEXP,20190822,113.3,114.8,108,109.05,1418
ORICONENT,20190822,19.2,19.2,18,18.55,144133
ORIENTABRA,20190822,17.1,17.55,16.8,16.85,5605
ORIENTALTL,20190822,13.05,13.35,13,13.15,247048
ORIENTBANK,20190822,62.9,63.2,60,60.35,764169
ORIENTBELL,20190822,118.6,120.5,115.55,116.15,6191
ORIENTCEM,20190822,84,85,79.95,81.75,137798
ORIENTELEC,20190822,152.15,154.4,148.7,152.7,183496
ORIENTHOT,20190822,37,38.3,37,38,19444
ORIENTLTD,20190822,119.9,119.95,100.3,109.7,658
ORIENTPPR,20190822,22.1,22.3,21,22,380344
ORIENTREF,20190822,190,190.05,185,185.1,6311
ORISSAMINE,20190822,586.55,586.55,555.5,559.2,5708
ORTEL,20190822,1,1,0.95,1,8690
ORTINLABSS,20190822,9.4,9.95,9.4,9.4,3880
OSWALAGRO,20190822,7,7.2,6.7,6.9,20449
PAGEIND,20190822,17950.1,17999.85,17590.05,17677.4,21389
PAISALO,20190822,381.05,383.8,355.6,360.7,31670
PALASHSECU,20190822,38.4,39.95,35.95,39,206
PALREDTEC,20190822,20.85,21.45,20.75,21,2060
PANACEABIO,20190822,131,131,121,122.2,6887
PANAMAPET,20190822,66.05,66.6,64.05,64.45,10941
PAPERPROD,20190822,224.65,227.3,220.45,222.9,8673
PARABDRUGS,20190822,0.6,0.65,0.55,0.65,3632
PARACABLES,20190822,8.95,9.2,8.55,8.75,31098
PARAGMILK,20190822,140,147.8,134.6,136.85,554092
PARSVNATH,20190822,3.3,3.5,3.3,3.35,194090
PATELENG,20190822,11,11.4,10.5,10.75,228930
PATINTLOG,20190822,22.85,22.85,22.85,22.85,568
PATSPINLTD,20190822,6,6.05,5.25,5.3,9131
PCJEWELLER,20190822,30,30.1,26.75,27.1,8607389
PDMJEPAPER,20190822,11.35,11.5,10.75,10.95,29630
PDPL,20190822,3.1,3.15,3.05,3.1,3015
PDSMFL,20190822,326.5,329.35,321,322.05,940
PEARLPOLY,20190822,9.15,9.15,9.15,9.15,650
PEL,20190822,1777,1784.95,1710.85,1724.5,789524
PENIND,20190822,26.5,27.5,24.5,24.7,98372
PENINLAND,20190822,4.75,4.8,4.5,4.65,133983
PERSISTENT,20190822,538,585,531.75,571.3,133954
PETRONENGG,20190822,6.65,6.7,6.5,6.5,1425
PETRONET,20190822,238,245.25,236.15,238.75,4591864
PFC,20190822,101.3,102.7,100,101.7,6912159
PFIZER,20190822,2905.05,2905.05,2860.05,2879.35,10428
PFOCUS,20190822,38.05,40,32.3,33.55,5177
PFS,20190822,11.55,11.65,11,11.1,436468
PGEL,20190822,44.85,45.7,41,41.8,31550
PGHH,20190822,10325.95,10398,10151.1,10279.55,4448
PGHL,20190822,4315,4350,4029,4167.35,23476
PGIL,20190822,129,132,123.3,130.15,3992
PHILIPCARB,20190822,115.85,120.25,112.25,113.15,685649
PHOENIXLTD,20190822,644.6,644.6,620.05,631.65,20225
PIDILITIND,20190822,1369.3,1369.35,1345.55,1361.35,391405
PIIND,20190822,1118.5,1189,1093.15,1145.05,185234
PILANIINVS,20190822,1905,1912,1839,1841.45,2321
PILITA,20190822,6.3,6.35,6.25,6.25,29736
PIONDIST,20190822,114.05,114.05,110.55,110.95,3861
PIONEEREMB,20190822,22.1,22.1,19.8,20.35,6590
PIRPHYTO,20190822,25.6,25.6,23.25,23.25,3890
PITTIENG,20190822,34.1,34.8,30.75,31.95,26789
PKTEA,20190822,104.05,110.65,104,109.8,216
PLASTIBLEN,20190822,179,181,177.45,179.7,295
PNB,20190822,64.1,64.3,61.1,61.45,18829140
PNBGILTS,20190822,32.55,33,32,32.1,81514
PNBHOUSING,20190822,694,694,671,674.9,84963
PNC,20190822,15.5,15.5,13.55,14.35,23625
PNCINFRA,20190822,199.45,199.45,191,192.25,117816
PODDARHOUS,20190822,255.7,255.7,231.4,234.15,2601
PODDARMENT,20190822,148.5,152,145.05,145.45,1000
POKARNA,20190822,125.25,125.25,118.5,118.9,29265
POLYCAB,20190822,547,547,525.15,535.75,63750
POLYMED,20190822,175,182,173.25,180.15,13682
POLYPLEX,20190822,458,458,438,441,39726
PONNIERODE,20190822,100,100.05,98,100,121
POWERGRID,20190822,204.5,205.55,200.8,202.75,2845805
POWERMECH,20190822,701,713.15,655,685.05,23888
PPAP,20190822,184.1,184.1,173,173.95,3643
PPL,20190822,64.9,65.1,61,63.75,54274
PRABHAT,20190822,60.1,60.85,54,56.1,110128
PRAENG,20190822,6.75,6.75,5.4,6.05,102033
PRAJIND,20190822,102.1,102.6,93.3,96.05,969350
PRAKASH,20190822,38.4,39.5,31.25,37.9,1390362
PRAKASHSTL,20190822,0.15,0.15,0.15,0.15,105200
PRAXIS,20190822,61,63.05,56,57.2,7040
PRECAM,20190822,38.1,39.5,38.05,39.1,13745
PRECOT,20190822,28.5,28.5,26,26.05,802
PRECWIRE,20190822,139.5,145,139,139.6,3768
PREMEXPLN,20190822,158.1,162.05,153.55,156.4,7271
PREMIER,20190822,2.6,2.6,2.5,2.55,2000
PREMIERPOL,20190822,21.35,21.75,20.8,21.5,498
PRESSMN,20190822,20.9,20.9,19,19.2,3194
PRESTIGE,20190822,288,300.4,280.35,293,499508
PRICOLLTD,20190822,25.15,25.45,23.2,24,88506
PRIMESECU,20190822,36.15,36.8,30,30.95,72302
PROSEED,20190822,0.35,0.35,0.35,0.35,64000
PROVOGE,20190822,0.7,0.75,0.7,0.7,17493
PROZONINTU,20190822,18.3,18.6,17.4,17.4,13399
PRSMJOHNSN,20190822,83.75,84.95,83,83.25,125753
PSB,20190822,21.55,21.6,20.5,20.6,58168
PSL,20190822,0.75,0.75,0.7,0.7,26187
PSPPROJECT,20190822,512,512,485,496.4,20750
PSUBNKBEES,20190822,270,270,258.69,260.27,2434
PTC,20190822,58.3,58.8,57.6,58.05,410222
PTL,20190822,34,34.35,33.1,33.65,13039
PUNJABCHEM,20190822,545.1,548,515,522.95,3478
PUNJLLOYD,20190822,1.05,1.1,1,1.05,508070
PURVA,20190822,57.4,57.5,51.15,52.15,136511
PVR,20190822,1468.1,1482.9,1444.3,1453.55,651364
QGOLDHALF,20190822,1646,1654.85,1646,1653,751
QNIFTY,20190822,1118.7,1118.7,1102.5,1104.6,165
QUESS,20190822,448.6,453.75,440.9,449.9,120969
QUICKHEAL,20190822,111.9,111.9,102,104.6,97117
QUINTEGRA,20190822,0.3,0.3,0.3,0.3,1760
RADAAN,20190822,1.35,1.35,1.2,1.25,6375
RADICO,20190822,305.3,306.45,287.3,291.6,406432
RADIOCITY,20190822,38,39,35,35.9,21598
RAIN,20190822,81.25,82.25,79,80.15,461745
RAJESHEXPO,20190822,710,734.9,701.3,726.95,255178
RAJSREESUG,20190822,16.65,17.65,16.65,16.65,6786
RALLIS,20190822,156,158,150.2,156.25,119621
RAMANEWS,20190822,14,14,12.95,12.95,31362
RAMASTEEL,20190822,58,58,52.1,53.55,14489
RAMCOCEM,20190822,710.9,717,683.55,705,515756
RAMCOIND,20190822,173.05,175,166.3,167.6,10482
RAMCOSYS,20190822,178.05,179.65,165,169.8,10328
RAMKY,20190822,64.05,65.95,60.3,61.2,88969
RANASUG,20190822,2.2,2.25,1.9,2.05,375619
RANEENGINE,20190822,246,249.85,240.05,241.15,831
RANEHOLDIN,20190822,891,899.9,860,879.05,1381
RATNAMANI,20190822,897.35,916,882.05,897.2,7535
RAYMOND,20190822,562,567.4,543,548.35,1188656
RBL,20190822,485,492.1,470,471.85,6268
RBLBANK,20190822,372,377.75,344,349.35,6763389
RCF,20190822,40.7,40.8,37.85,38.15,848865
RCOM,20190822,1,1.05,1,1,22253144
RECLTD,20190822,141.95,141.95,137.25,138.55,4114355
REDINGTON,20190822,100.35,105.8,100.35,105.05,145696
REFEX,20190822,68.9,68.9,68.9,68.9,7095
RELAXO,20190822,425,425,419.65,422.4,22486
RELCAPITAL,20190822,41,41,30.35,32.05,44603986
RELCNX100,20190822,113.4,113.4,112,112.16,1082
RELCONS,20190822,48.27,49.08,48,48.29,8010
RELDIVOPP,20190822,28.3,28.3,28,28,1531
RELIANCE,20190822,1270.95,1271,1238.9,1246.75,6414937
RELIGARE,20190822,28.75,29.6,28.2,28.2,119076
RELINFRA,20190822,42.2,42.9,34.35,36.7,26781604
RELNV20,20190822,549,551.55,545,546.66,1391
REMSONSIND,20190822,86.7,88,77.25,82.6,6424
RENUKA,20190822,7,7.1,6.8,6.85,384578
REPCOHOME,20190822,315.3,317.8,308.05,312.65,110805
REPRO,20190822,506,513.8,495.05,501,23261
RESPONIND,20190822,92.15,92.15,89.4,90.65,178194
RETFMID150,20190822,56.55,56.59,55.61,55.95,73013
REVATHI,20190822,347.3,347.3,313.7,321.65,881
RGL,20190822,280.9,280.9,260,261.6,1146
RHFL,20190822,6.3,6.6,6.25,6.25,135027
RICOAUTO,20190822,38,38,36,36.3,137816
RIIL,20190822,242.95,242.95,227,230,142918
RITES,20190822,235.6,235.6,224.15,226.55,140101
RKDL,20190822,6.55,7.1,6.5,7.1,1285
RKFORGE,20190822,342,348.75,341.15,343.65,17544
RMCL,20190822,4.25,4.45,4.15,4.15,37282
RML,20190822,215.85,222.5,204.2,206.65,3267
RNAM,20190822,231,244.75,231,239.5,309115
RNAVAL,20190822,1.5,1.5,1.5,1.5,162948
ROHITFERRO,20190822,0.9,0.9,0.9,0.9,5
ROHLTD,20190822,59.55,62,55,56.65,17409
ROLLT,20190822,2.4,2.45,2.4,2.4,15706
ROLTA,20190822,6.45,6.45,6.2,6.2,98774
ROSSELLIND,20190822,48,50.2,47.3,50.05,7556
RPGLIFE,20190822,170.05,173.8,162.3,164.75,20249
RPOWER,20190822,3.15,3.2,2.7,2.8,26093143
RPPINFRA,20190822,65.05,68.95,60.4,65,23512
RRSLGETF,20190822,20.02,20.04,19.98,20.03,6454
RSSOFTWARE,20190822,18.75,19.15,17.1,17.2,29205
RSWM,20190822,110.45,111.3,105.4,109.7,13793
RSYSTEMS,20190822,41.85,41.9,40.15,40.65,2955
RTNINFRA,20190822,1.4,1.5,1.2,1.3,731213
RTNPOWER,20190822,1.15,1.15,1.05,1.15,1070429
RUBYMILLS,20190822,137.85,139,128,130.05,4815
RUCHINFRA,20190822,1.9,2,1.9,1.95,10031
RUCHIRA,20190822,67,68.55,65,65.75,15467
RUCHISOYA,20190822,4.65,4.7,4.55,4.55,587545
RUPA,20190822,175,176.25,161.25,163.85,20065
RUSHIL,20190822,182,189,173.25,174.35,1921
RVNL,20190822,23.6,23.8,22.6,23,3199904
SABTN,20190822,1.5,1.5,1.5,1.5,196
SADBHAV,20190822,124.7,124.7,115,116.3,60000
SADBHIN,20190822,52.45,52.45,48.3,48.6,7246
SAGARDEEP,20190822,57.85,57.85,57.85,57.85,5
SAGCEM,20190822,575,581.3,550.1,555.45,5633
SAIL,20190822,31.3,31.75,29.7,30.05,40625817
SAKAR,20190822,52.25,55,52.25,55,120
SAKHTISUG,20190822,7.75,7.85,7.7,7.75,19333
SAKSOFT,20190822,262,266.6,244,247.1,5841
SAKUMA,20190822,7.4,7.4,7.4,7.4,18891
SALASAR,20190822,131,133.9,117,118.7,44866
SALONA,20190822,67.2,71.6,67.1,70.4,341
SALSTEEL,20190822,2.6,2.8,2.4,2.5,11453
SALZERELEC,20190822,110.5,113.9,104.7,106.6,12729
SAMBHAAV,20190822,3.2,3.2,2.8,3.1,25677
SANCO,20190822,16.1,16.9,15.55,16.1,26203
SANDESH,20190822,557.55,568.05,532.05,542,1521
SANDHAR,20190822,228,241.5,228,235.55,5065
SANGAMIND,20190822,39.1,39.8,35.4,35.9,23055
SANGHIIND,20190822,54.35,54.35,49.1,50.05,36701
SANGHVIFOR,20190822,26.2,26.3,23.8,25.15,3188
SANGHVIMOV,20190822,94.15,94.15,90.5,90.6,28866
SANGINITA,20190822,76.45,80,76.45,77.5,62673
SANOFI,20190822,6149.95,6177,5926.1,5981.9,3203
SANWARIA,20190822,3.35,3.35,3.3,3.3,624062
SARDAEN,20190822,153.25,155.25,140.2,141.55,34840
SAREGAMA,20190822,330.15,349,315,334.85,30352
SARLAPOLY,20190822,23,23.75,22.75,23.3,36813
SASKEN,20190822,491,491,470.1,484.85,4933
SASTASUNDR,20190822,104.5,104.5,98.8,100.95,11560
SATHAISPAT,20190822,8.05,8.05,8.05,8.05,20454
SATIA,20190822,650,655,639,648.6,1338
SATIN,20190822,271.65,271.65,258,265.15,38847
SBIETFQLTY,20190822,92.18,95.2,91.33,91.6,1128
SBILIFE,20190822,826.2,837.65,805.55,815.2,451114
SBIN,20190822,278.3,278.3,267.3,268.55,27728925
SCAPDVR,20190822,0.55,0.55,0.45,0.55,15653
SCHAEFFLER,20190822,4088.85,4133.95,3940,4009.9,12429
SCHAND,20190822,53.65,53.65,47.35,48.15,69387
SCHNEIDER,20190822,74.6,74.6,71.05,72.2,31120
SCI,20190822,26.3,26.3,25.15,25.35,292919
SDBL,20190822,125.9,125.9,116.2,118.9,5937
SEAMECLTD,20190822,322,330,282.15,312.85,25321
SELAN,20190822,139,140.3,135,136.4,11895
SELMCL,20190822,0.65,0.65,0.55,0.6,87066
SEPOWER,20190822,2.85,2.85,2.75,2.75,6675
SEQUENT,20190822,70.2,70.45,68.5,69.35,172796
SESHAPAPER,20190822,175,184,166,167.05,4919
SETCO,20190822,14.55,14.9,14.1,14.25,65746
SETF10GILT,20190822,210.02,221.3,210.02,221.3,265
SETFGOLD,20190822,3365,3398.4,3365,3383.3,5564
SETFNIF50,20190822,112.23,112.23,110.45,110.62,176056
SETFNIFBK,20190822,282.05,282.05,274,274.63,25229
SETFNN50,20190822,268.2,272,259,259.29,13328
SETUINFRA,20190822,1.5,1.5,1.5,1.5,12651
SEYAIND,20190822,420,423.95,402,404.95,20600
SFL,20190822,1153,1153,1121.05,1143.7,15199
SGL,20190822,9.5,10,9.5,9.95,657
SHAHALLOYS,20190822,8.5,8.7,8.4,8.65,328
SHAKTIPUMP,20190822,287.35,290.35,276.05,277.35,15444
SHALBY,20190822,80.75,81.85,77.1,77.9,37503
SHALPAINTS,20190822,73.35,73.4,69,69.75,59831
SHANKARA,20190822,296,300,266.9,287.65,50063
SHANTIGEAR,20190822,86,87.8,84.6,85.3,3662
SHARDACROP,20190822,281.15,285.2,270,270,6859
SHARDAMOTR,20190822,928.35,935.55,892.65,911.35,1128
SHARIABEES,20190822,247.03,247.68,247.03,247.68,538
SHEMAROO,20190822,270.1,274,262,264.05,2744
SHILPAMED,20190822,259.3,263.75,251,252.6,8233
SHIRPUR-G,20190822,14.55,15.4,14.35,14.9,50708
SHIVAMAUTO,20190822,19.95,19.95,17.75,17.95,36597
SHIVAMILLS,20190822,34.2,36.3,32.3,32.7,768
SHIVATEX,20190822,108.5,108.5,96.5,101.1,837
SHK,20190822,117.8,119.4,115.75,117.6,42608
SHOPERSTOP,20190822,365.05,366.7,360.95,361.35,2942
SHREDIGCEM,20190822,15.45,15.9,14.95,15.5,46913
SHREECEM,20190822,18672.4,18789.95,18311.05,18439.05,21633
SHREEPUSHK,20190822,94.85,101.5,88,88.95,32030
SHREERAMA,20190822,4.45,4.7,4.3,4.4,8268
SHRENIK,20190822,47.4,47.4,41.8,42.3,161980
SHREYANIND,20190822,105,109.5,102.65,105.7,19924
SHREYAS,20190822,71,73.5,67.35,68.4,5888
SHRIPISTON,20190822,770,770,740,740,222
SHRIRAMCIT,20190822,1300,1399,1300,1384.5,8030
SHRIRAMEPC,20190822,9.9,10.25,9.05,10.1,372539
SHYAMCENT,20190822,2.3,2.5,2.15,2.2,54036
SICAGEN,20190822,20.8,20.8,20.1,20.2,27067
SICAL,20190822,33.7,34.8,33.7,33.7,177300
SIEMENS,20190822,1156.95,1161.2,1128.35,1139.25,244904
SIGIND,20190822,22.55,22.55,20,20.55,37384
SIL,20190822,12.85,12.85,12.85,12.85,250
SILINV,20190822,146,152,140.25,143.15,2400
SIMBHALS,20190822,6.2,6.25,5.6,5.8,5966
SIMPLEXINF,20190822,59.75,60.95,53.65,54.85,20254
SINTEX,20190822,1.9,1.9,1.85,1.85,622455
SIRCA,20190822,190,190,180.1,180.85,2435
SIS,20190822,788.45,817.9,785,792.85,3064
SITASHREE,20190822,0.35,0.35,0.25,0.35,4333
SITINET,20190822,2,2,1.9,1.9,77556
SIYSIL,20190822,226.1,229.75,220,222.6,31652
SJVN,20190822,24.35,24.4,24.05,24.2,1738843
SKFINDIA,20190822,1834.25,1861.85,1830.05,1843.45,24552
SKIL,20190822,6.5,6.6,6.35,6.35,13442
SKIPPER,20190822,47,47.45,39.75,40.35,112416
SKMEGGPROD,20190822,37.75,38.05,33.7,35.45,55122
SMARTLINK,20190822,72.1,79.6,72.1,79.1,731
SMLISUZU,20190822,615,615,584.1,595.75,7237
SMPL,20190822,0.25,0.3,0.25,0.3,10061
SMSLIFE,20190822,376.05,380,362.15,370.6,1907
SMSPHARMA,20190822,45.1,45.1,42.7,43.8,15920
SNOWMAN,20190822,29,29.1,27.55,28.1,144051
SOBHA,20190822,464.5,470,447.15,451.45,185418
SOLARA,20190822,421.1,431.55,386.2,429.75,77617
SOLARINDS,20190822,1066.5,1093,1063,1078.1,30412
SOMANYCERA,20190822,278.95,279,262,265.25,11560
SOMATEX,20190822,2.8,2.8,2.75,2.8,2392
SOMICONVEY,20190822,16.15,16.85,11.95,12.25,55095
SONATSOFTW,20190822,312.55,316.75,308.45,315.05,106910
SORILINFRA,20190822,95.95,95.95,92.1,92.1,10544
SOTL,20190822,885.05,899.95,882,895.8,1026
SOUTHBANK,20190822,11,11,10.45,10.5,7855565
SOUTHWEST,20190822,14.95,14.95,14.25,14.95,561
SPAL,20190822,187.05,187.05,175.45,185,5707
SPANDANA,20190822,828,829.45,802,813.8,110132
SPARC,20190822,150.75,151.45,143.2,145.15,326758
SPCENET,20190822,0.7,0.75,0.7,0.7,758
SPECIALITY,20190822,62.85,64.05,57,59.25,34208
SPENCERS,20190822,71.45,72.25,67.9,68.85,178945
SPENTEX,20190822,0.35,0.35,0.3,0.3,200356
SPIC,20190822,18,18.5,16.35,16.55,40986
SPICEJET,20190822,136.5,136.5,130.5,131.4,709630
SPICEMOBI,20190822,7.75,7.8,7.35,7.45,16532
SPLIL,20190822,36.35,36.35,32.65,33,18176
SPMLINFRA,20190822,13.1,13.1,12.75,12.75,6285
SPTL,20190822,3.2,3.2,3.2,3.2,96299
SPYL,20190822,0.25,0.25,0.25,0.25,163169
SREEL,20190822,170,171.45,162.35,165,19383
SREINFRA,20190822,10.55,10.8,9.85,10.05,522238
SRF,20190822,2884.95,2884.95,2774,2787.75,318870
SRHHYPOLTD,20190822,94.35,101.2,92.45,94.3,3993
SRIPIPES,20190822,167.75,172.45,165.1,166.45,51403
SRTRANSFIN,20190822,1009.2,1009.2,981.35,986.55,759339
SSWL,20190822,779.1,785,771.05,781.5,11258
STAMPEDE,20190822,0.65,0.75,0.65,0.65,26320
STAR,20190822,375.9,384.95,370.1,377.15,960529
STARCEMENT,20190822,92,95,91,93.35,26013
STARPAPER,20190822,81.2,81.75,77.15,78.1,31694
STCINDIA,20190822,88.5,88.5,82.2,83,55388
STEELCITY,20190822,30.5,30.5,28.5,28.9,3370
STEELXIND,20190822,12.25,12.25,11.4,11.6,5812
STEL,20190822,65,65,62.1,63,4040
STERTOOLS,20190822,153,153,140.5,142.2,7552
STRTECH,20190822,129.7,129.9,104.2,104.2,4473602
SUBEX,20190822,5.5,5.55,5.4,5.4,1988359
SUBROS,20190822,230.6,231.4,216.3,218.3,48793
SUDARSCHEM,20190822,317.5,318.95,312.3,315.05,10050
SUJANAUNI,20190822,0.2,0.2,0.15,0.2,32453
SUMEETINDS,20190822,2.75,2.75,2.4,2.45,330689
SUMIT,20190822,21,21,17,17.9,7596
SUMMITSEC,20190822,438.35,448,438.35,444.7,1258
SUNCLAYLTD,20190822,1755.05,1816,1750,1783.75,735
SUNDARAM,20190822,1.5,1.5,1.35,1.35,222104
SUNDARMFIN,20190822,1520,1538.45,1520,1531.75,5568
SUNDARMHLD,20190822,71.1,73.45,71.1,71.85,16309
SUNDRMBRAK,20190822,245,248,231.3,237.1,3008
SUNDRMFAST,20190822,402.25,411.75,399.1,405.1,276803
SUNFLAG,20190822,24.95,25.2,23.6,23.95,84389
SUNPHARMA,20190822,416.7,420.75,408.5,414.55,5299316
SUNTECK,20190822,446.85,446.85,420.7,425.65,97092
SUNTV,20190822,422.8,426.35,407.1,415.1,1973498
SUPERHOUSE,20190822,69.2,70.5,64.9,67.2,9712
SUPERSPIN,20190822,4.3,4.3,3.65,3.7,61946
SUPPETRO,20190822,179.05,185.7,170.6,171.65,10742
SUPRAJIT,20190822,178.2,183.5,176.6,176.95,14154
SUPREMEIND,20190822,1131.15,1131.15,1096,1099.9,7161
SUPREMEINF,20190822,16.1,16.1,15.1,15.1,2060
SURANASOL,20190822,5.95,6.1,5.85,5.9,5674
SURANAT&P,20190822,3.65,3.9,3.6,3.85,2971
SURYALAXMI,20190822,17.5,17.5,15.15,16.25,4714
SURYAROSNI,20190822,158.2,160.95,153.05,154.05,37437
SUTLEJTEX,20190822,26,26.45,25,25.6,14493
SUVEN,20190822,255.05,259,251.95,253.2,174664
SUZLON,20190822,4.25,4.25,4.1,4.15,9461489
SWANENERGY,20190822,101.45,102,99.65,100.7,65950
SWARAJENG,20190822,1062,1068.95,1050,1052.05,1526
SWELECTES,20190822,129.2,129.2,116.9,123.1,9576
SWSOLAR,20190822,688,688,631.2,639.45,657050
SYMPHONY,20190822,1221,1237,1216.85,1232,3714
SYNCOM,20190822,1,1,1,1,620
SYNDIBANK,20190822,30.2,30.3,29.55,29.75,646730
SYNGENE,20190822,300.2,306,297.5,304.7,99944
TAINWALCHM,20190822,50,50,42.4,42.75,3738
TAJGVK,20190822,124,124,118,120.75,22239
TAKE,20190822,103.2,103.75,100,102.05,85878
TALBROAUTO,20190822,104.15,104.95,100,103.05,33318
TALWALKARS,20190822,9,9,9,9,4941
TALWGYM,20190822,16.3,16.3,16.3,16.3,757
TANLA,20190822,53.15,55.75,50.55,54.6,593342
TANTIACONS,20190822,1.9,1.9,1.9,1.9,10
TARAPUR,20190822,5.5,5.7,5.4,5.4,2001
TARMAT,20190822,25.4,26.9,24,24.05,5757
TASTYBITE,20190822,8609.8,8645,8490.1,8523.2,396
TATACHEM,20190822,556.35,556.35,544.4,550.55,476573
TATACOFFEE,20190822,70.55,70.95,68.6,68.8,117771
TATACOMM,20190822,431.2,434.85,419,423.8,87388
TATAELXSI,20190822,634.2,639.1,602.6,606.75,1031865
TATAGLOBAL,20190822,261,262.85,256.65,258.7,864809
TATAINVEST,20190822,778.15,779,743.5,749.85,25688
TATAMETALI,20190822,507,528.8,499.9,500.55,14228
TATAMOTORS,20190822,112,114,106.2,107.7,58612708
TATAMTRDVR,20190822,52.5,53.1,50.2,50.85,8755426
TATAPOWER,20190822,51.4,55.75,50.95,53.4,20698816
TATASPONGE,20190822,434.1,434.7,415,416.95,35944
TATASTEEL,20190822,339.9,346.95,330.4,333.7,15459800
TATASTLBSL,20190822,21.3,21.3,20.25,20.4,973462
TBZ,20190822,35.1,35.5,31.15,31.85,50030
TCI,20190822,273.35,277,267.2,272.6,9076
TCIDEVELOP,20190822,346,350,341.05,348.75,378
TCIEXP,20190822,582,594.05,580,591.9,6417
TCIFINANCE,20190822,9.35,9.8,9.1,9.35,10438
TCNSBRANDS,20190822,701.1,713.75,663.15,673,4435
TCPLPACK,20190822,280.05,280.05,272.25,273.05,1614
TCS,20190822,2187,2235.65,2170,2216,2131601
TDPOWERSYS,20190822,131.05,131.05,128.95,130.3,7075
TEAMLEASE,20190822,2399.55,2429.75,2371,2413.8,3935
TECHM,20190822,672.65,684,668.1,682.75,3353812
TECHNOE,20190822,242.35,264.85,242.35,249.75,10511
TECHNOFAB,20190822,14.65,14.95,13.95,14.55,1204
TEJASNET,20190822,84.2,85.65,81,83.3,48909
TERASOFT,20190822,27.05,27.05,25.4,25.4,14937
TEXINFRA,20190822,33.5,35.7,30.5,31.3,6017
TEXMOPIPES,20190822,17.25,17.25,15.45,15.55,56026
TEXRAIL,20190822,45.6,45.6,43.5,43.85,167030
TFCILTD,20190822,77.5,78.5,75.6,77.25,363577
TFL,20190822,4.1,4.1,3.8,3.9,4878
TGBHOTELS,20190822,4.65,4.9,4.65,4.75,3284
THANGAMAYL,20190822,288,288.4,275.1,280.25,5688
THEINVEST,20190822,123,128.35,123,127.3,612
THEMISMED,20190822,163.05,170.9,162.5,162.5,3938
THERMAX,20190822,1041.85,1047.85,1001.1,1014.4,122769
THOMASCOOK,20190822,160.9,160.9,129.1,129.1,1655524
THOMASCOTT,20190822,8.95,8.95,8.95,8.95,5
THYROCARE,20190822,440,443.85,436.6,437.9,10451
TI,20190822,13.4,13.55,12.5,12.8,20303
TIDEWATER,20190822,4620,4620,4425.05,4508.05,1815
TIIL,20190822,303.8,305.05,297.05,297.8,167008
TIINDIA,20190822,338,344.95,335,337.7,11675
TIJARIA,20190822,8.6,9.2,8.45,8.5,5923
TIL,20190822,185,185,176.25,178.25,2797
TIMESGTY,20190822,34.45,34.45,29.55,29.55,402
TIMETECHNO,20190822,59.95,59.95,56.15,56.45,60119
TIMKEN,20190822,698.3,708.85,698.05,705.5,64205
TINPLATE,20190822,97.05,98.8,90.5,91.25,249516
TIPSINDLTD,20190822,59,61.65,56.85,57.05,2154
TIRUMALCHM,20190822,57.55,57.95,53.05,53.45,200738
TITAN,20190822,1065.8,1070,1048.05,1061.75,1182766
TMRVL,20190822,13.6,14,13.6,14,29501
TNPETRO,20190822,31.95,32.1,30.7,31.45,74935
TNPL,20190822,179.45,179.45,171.2,173,637135
TOKYOPLAST,20190822,50.35,53.95,50,51.55,17372
TORNTPHARM,20190822,1678.45,1682,1650.55,1674.85,230779
TORNTPOWER,20190822,281.85,287.85,279.85,281.95,1162968
TPLPLASTEH,20190822,100.05,102.75,98,99.45,1567
TREEHOUSE,20190822,5.45,5.75,5.05,5.55,73925
TREJHARA,20190822,13.95,13.95,13.95,13.95,7554
TRENT,20190822,474.75,478,465,469.85,471274
TRF,20190822,82.8,82.9,74.4,74.95,28830
TRIDENT,20190822,56.7,57.15,53.85,54.3,500179
TRIGYN,20190822,50,50,45.2,45.75,55943
TRIL,20190822,8.2,8.2,7.75,7.8,18344
TRITURBINE,20190822,102.15,103.95,98.5,101.85,39681
TRIVENI,20190822,53.65,54.4,49.8,50.85,320571
TTKHLTCARE,20190822,446,459.8,435.35,441.15,632
TTKPRESTIG,20190822,5746,5824.5,5660,5778.95,2363
TTL,20190822,33.5,35,32.55,33.45,4105
TTML,20190822,2.65,2.7,2.6,2.6,548198
TV18BRDCST,20190822,19.1,19.2,18.1,18.3,1882338
TVSELECT,20190822,116.85,116.85,103.25,104.8,50638
TVSMOTOR,20190822,369.2,369.95,352.5,356.3,1442014
TVSSRICHAK,20190822,1682,1682,1635,1646.85,994
TVTODAY,20190822,295.35,301.9,295.35,299.05,39279
TVVISION,20190822,1.45,1.45,1.45,1.45,195
TWL,20190822,37.85,37.85,35.2,35.65,252779
UBL,20190822,1287.9,1309,1273.65,1291.45,334934
UCALFUEL,20190822,133,134.4,124.75,125.75,12857
UCOBANK,20190822,15,15,14.3,14.55,298106
UFLEX,20190822,200,201.5,198.05,198.6,64409
UFO,20190822,140.1,141.95,130.5,134.75,26946
UGARSUGAR,20190822,12.05,12.05,11.8,11.8,71614
UJAAS,20190822,3.9,4.05,3.35,3.7,344662
UJJIVAN,20190822,255.55,267.8,255.55,260.25,2375619
ULTRACEMCO,20190822,3903.75,3943.3,3817.1,3838.15,673651
UMANGDAIRY,20190822,43.9,44.7,43,43,5450
UMESLTD,20190822,1,1,1,1,2050
UNICHEMLAB,20190822,180.95,180.95,173,174.05,21579
UNIENTER,20190822,68.55,70.75,65,66.6,2126
UNIONBANK,20190822,60.1,60.75,58,58.55,7526923
UNIPLY,20190822,56,59.3,54.4,58.3,297693
UNITECH,20190822,0.9,0.95,0.85,0.85,2787195
UNITEDBNK,20190822,9.85,9.85,9,9.25,304174
UNITEDTEA,20190822,245.1,262.05,245.1,253.55,471
UNIVCABLES,20190822,140,140,131.3,134,18550
UPL,20190822,535,552.65,507.85,518.05,6205902
URJA,20190822,2.35,2.35,2.25,2.25,854011
USHAMART,20190822,22.8,23.45,22.5,22.7,276753
UTINEXT50,20190822,261.99,262,261.99,262,164
UTINIFTETF,20190822,1186,1186,1135,1139.57,653
UTISENSETF,20190822,393.3,393.3,389,391.46,85
UTISXN50,20190822,299.7,299.7,297,297,2
UTTAMSTL,20190822,7.25,7.9,7.05,7.2,76219
UTTAMSUGAR,20190822,100,104,93.5,97.55,168623
UVSL,20190822,0.05,0.1,0.05,0.05,12435556
V2RETAIL,20190822,118,118,96.1,99.15,82067
VADILALIND,20190822,553.1,571.85,550,557.95,14173
VAIBHAVGBL,20190822,809.15,813,801.05,808.7,38063
VAKRANGEE,20190822,27.4,28.8,23.3,24.2,6593380
VARDHACRLC,20190822,36.55,36.55,35.1,36.3,51290
VARDMNPOLY,20190822,3.1,3.1,2.95,2.95,2530
VARROC,20190822,408.05,410.35,381.3,394.15,33324
VASCONEQ,20190822,11.7,11.7,10.1,10.5,253045
VASWANI,20190822,6.6,6.7,6.2,6.25,5822
VBL,20190822,643,649.95,625.25,641.1,55417
VEDL,20190822,138.6,138.9,125.3,129.05,18923757
VENKEYS,20190822,1418,1432,1361,1368.7,99153
VENUSREM,20190822,22.55,22.6,20.65,21.8,21963
VESUVIUS,20190822,935.6,975.55,935.25,969.05,16821
VETO,20190822,49,49.85,46.05,46.55,21431
VGUARD,20190822,230.05,231.9,225.2,227.45,152346
VHL,20190822,1462.25,1480.05,1452,1465.55,486
VICEROY,20190822,1.35,1.35,1.25,1.25,4703
VIDHIING,20190822,54.15,54.35,51.95,52.35,23110
VIJIFIN,20190822,0.5,0.5,0.4,0.45,34794
VIKASECO,20190822,3.85,3.85,3.75,3.75,426676
VIKASMCORP,20190822,2.65,2.7,2.25,2.6,1119899
VIKASPROP,20190822,4.35,4.35,4.35,4.35,8344
VIKASWSP,20190822,12.5,12.5,12.5,12.5,24202
VIMTALABS,20190822,97.1,102.75,95.1,98.25,11051
VINATIORGA,20190822,2020,2072.65,1974.55,2049.55,32302
VINDHYATEL,20190822,782,787.95,756.2,775.75,8280
VINYLINDIA,20190822,64,64,60,60.35,7982
VIPCLOTHNG,20190822,12.25,12.6,11,11.6,51252
VIPIND,20190822,380,383.85,368.9,370.85,156675
VIPULLTD,20190822,33.25,36,31.9,35.25,114057
VISAKAIND,20190822,286,294.9,280,284.05,15903
VISASTEEL,20190822,4.65,5.3,4,4.45,9068
VISESHINFO,20190822,0.05,0.1,0.05,0.05,6085020
VISHAL,20190822,344.1,377.95,342,342.05,290056
VISHNU,20190822,101.5,106.45,94.05,96.8,7832
VIVIDHA,20190822,0.2,0.3,0.2,0.25,357173
VIVIMEDLAB,20190822,15.9,15.95,14.35,14.5,114551
VLSFINANCE,20190822,43.15,43.45,41,41.4,19152
VMART,20190822,1799,1799,1717.95,1743.95,18460
VOLTAMP,20190822,971,987.95,958.05,980.3,4641
VOLTAS,20190822,588,605.8,583.65,597.7,871276
VRLLOG,20190822,268,269.4,257,260.2,100492
VSSL,20190822,68,68.05,63.1,67.2,13424
VSTIND,20190822,3352.05,3460,3350,3421.45,4059
VSTTILLERS,20190822,935,953,925,934.95,7107
VTL,20190822,895,901.95,881,896.95,48259
WABAG,20190822,270.55,273.95,261.6,263.55,92987
WABCOINDIA,20190822,6100.2,6150,6060,6088.8,5030
WALCHANNAG,20190822,58,58,53.05,53.45,101839
WATERBASE,20190822,95,95.55,85.2,90.45,76969
WEBELSOLAR,20190822,18,18.3,17.9,17.9,23962
WEIZFOREX,20190822,314,332,281.95,290.7,2323
WEIZMANIND,20190822,29,29,26,26.75,1633
WELCORP,20190822,112.55,113.8,109.2,110.45,207605
WELENT,20190822,94.25,94.25,89.5,90.1,110077
WELINV,20190822,153,153,143,143,877
WELSPUNIND,20190822,46.55,49.35,45.3,47.65,390749
WENDT,20190822,2215,2215,2061,2094.4,530
WESTLIFE,20190822,289.95,290,272.1,277.95,24546
WHEELS,20190822,595,606,593,595.65,1395
WHIRLPOOL,20190822,1544.85,1555,1535,1539.45,36416
WILLAMAGOR,20190822,14.95,16.3,14.95,16.15,1854
WINDMACHIN,20190822,20.75,21.2,20.5,20.5,17061
WIPRO,20190822,252,253.5,248.5,252.05,3369902
WOCKPHARMA,20190822,255.4,260.15,250.2,254.2,573225
WONDERLA,20190822,246.7,249.5,243.1,243.8,5758
WSI,20190822,0.6,0.7,0.6,0.6,4422
WSTCSTPAPR,20190822,233.5,235,212.8,219.5,67998
XCHANGING,20190822,49.55,51.65,49.5,50,19562
XELPMOC,20190822,64,64,60.1,60.6,63799
XLENERGY,20190822,0.55,0.6,0.55,0.6,1414
XPROINDIA,20190822,26.7,26.75,24,24.1,2449
YESBANK,20190822,66.4,67.7,53.2,56.3,314692568
ZEEL,20190822,342.15,343.9,323.2,328.95,5478339
ZEELEARN,20190822,24,24,21.5,21.85,238961
ZEEMEDIA,20190822,10.05,10.05,9,9.1,766366
ZENITHBIR,20190822,0.35,0.4,0.35,0.35,20774
ZENITHEXPO,20190822,43.5,43.5,37.3,38,2428
ZENSARTECH,20190822,214,218.05,214,215.2,47923
ZENTEC,20190822,55.65,55.8,51.5,52,21118
ZICOM,20190822,0.95,1.05,0.95,1.05,15843
ZODIACLOTH,20190822,186.2,197,185,190,1407
ZODJRDMKJ,20190822,27.4,28.85,26.5,26.55,357
ZOTA,20190822,200,200,190,191.2,17356
ZUARI,20190822,98.1,99.85,94.45,96.1,24094
ZUARIGLOB,20190822,58,59.3,54.65,57.85,23045
ZYDUSWELL,20190822,1530,1553.55,1500.3,1515.95,10102
NSENIFTY,20190822,10905.30,10908.25,10718.30,10741.35,668193449,0
NIFTYJUNIOR,20190822,25460.85,25476.85,25078.75,25136.90,432641931,0
NIFTYMIDCAPLIQ15,20190822,3663.50,3667.10,3590.95,3603.85,100831077,0
NSE100,20190822,10999.10,11001.80,10815.45,10836.85,1109590806,0
NIFTY200,20190822,5611.90,5613.20,5518.70,5528.00,1562802723,0
NSE500,20190822,8851.35,8853.25,8706.45,8719.25,1748360277,0
NSEMIDCAP150,20190822,5642.35,5644.35,5547.70,5558.95,462880242,0
MIDCAP50,20190822,4187.10,4195.20,4104.65,4120.35,324722214,0
NSEMIDCAP,20190822,15432.05,15438.90,15134.10,15174.70,453211917,0
NIFTYSMALLCAP250,20190822,-,-,-,4316.45,-,0
NIFTYSMALLCAP50,20190822,-,-,-,2499.95,-,0
NSESMLCAP100,20190822,5323.50,5329.25,5199.40,5207.15,-,0
NIFTYLARGEMIDCAP250,20190822,-,-,-,5327.48,1572471048,0
NIFTYMIDSMALLCAP400,20190822,-,-,-,5114.90,-,0
NIFTYAUTO,20190822,6990.05,6991.55,6864.95,6882.10,120560834,0
BANKNIFTY,20190822,27690.05,27690.05,26975.55,27034.20,465070847,0
NIFTYFINSERVICE,20190822,12341.90,12343.25,12020.60,12049.90,122275804,0
NIFTYFMGC,20190822,28422.80,28746.40,28342.50,28396.15,23097045,0
NSEIT,20190822,15581.50,15703.15,15478.80,15632.00,18016274,0
NIFTYMEDIA,20190822,1832.60,1837.10,1773.75,1782.40,45288883,0
NIFTYMETAL,20190822,2263.20,2272.55,2189.85,2203.60,156143956,0
NIFTYPHARMA,20190822,7667.80,7746.35,7630.20,7670.85,21414739,0
NIFTYPVTBANK,20190822,15455.70,15458.40,15061.00,15088.25,386747526,0
NIFTYPSUBANK,20190822,2444.90,2445.05,2340.60,2354.70,105951378,0
NIFTYREALTY,20190822,256.60,256.90,239.35,242.60,91858688,0
NIFTYCOMMODITIES,20190822,3025.30,3030.20,2947.65,2958.15,270241220,0
NIFTYCONSUMPTION,20190822,4561.05,4584.85,4532.65,4539.50,69200342,0
NIFTYCPSE,20190822,1813.35,1816.60,1759.55,1766.85,87208487,0
NIFTYENERGY,20190822,14217.05,14230.20,13847.95,13897.20,113722090,0
NIFTY100ESG,20190822,-,-,-,2007.71,937239744,0
NIFTY100ENHESG,20190822,-,-,-,2037.15,910320535,0
NIFTYINFRA,20190822,2954.15,2970.05,2919.10,2928.10,307554856,0
NIFTYMNC,20190822,11996.15,12027.85,11854.80,11878.70,71038278,0
NIFTYPSE,20190822,2959.65,2963.25,2870.40,2880.75,184444455,0
NIFTYSMEEMERGE,20190822,-,-,-,1358.19,705600,0
NIFTYSERVSECTOR,20190822,15653.80,15656.35,15352.25,15384.25,581152409,0
NIFTYSHARIAH25,20190822,-,-,-,3886.38,77188098,0
NIFTY50SHARIAH,20190822,-,-,-,2396.51,73523476,0
NIFTY500SHARIAH,20190822,-,-,-,2775.02,225576874,0
NIFTYABGROUP,20190822,-,-,-,2677.86,144478633,0
NIFTYMAHINDRA,20190822,-,-,-,9112.09,8944899,0
NIFTYTATA,20190822,-,-,-,6703.93,113815731,0
NIFTYTATA25CAP,20190822,-,-,-,4216.27,103371880,0
NIFTYABGROUP,20190822,-,-,-,2677.86,144478633,0
NIFTYLIQ15,20190822,3386.35,3386.35,3307.90,3314.95,506785350,0
NIFTY500VALUE50,20190822,-,-,-,3306.62,437405482,0
NIFTYALPHALOWVOL30,20190822,-,-,-,11086.93,104237505,0
NIFTYQUALLOWVOL30,20190822,-,-,-,7773.21,69208155,0
NIFTYALPHAQUALLOWVOL30,20190822,-,-,-,8878.46,76521542,0
NIFTYALPHAQUALVALLOWVOL30,20190822,-,-,-,6860.94,101385235,0
NIFTY50EQUALWEIGHT,20190822,11155.20,11162.50,10946.40,10969.80,668193449,0
NIFTY100EQUALWEIGHT,20190822,11879.60,11886.25,11668.15,11688.75,1109590806,0
NIFTY100LOWVOL30,20190822,8353.30,8359.90,8280.35,8292.45,93536856,0
NSEDEFTY,20190822,-,-,-,5182.78,-,0
NIFTY50DIVPOINT,20190822,96.23,96.23,96.23,96.23,-,0
NIFTYDIVOPPS50,20190822,2441.75,2443.40,2412.25,2414.90,296690351,0
NIFTYALPHA50,20190822,11625.20,11637.40,11431.70,11449.65,143786603,0
NIFTY50ARBITRAGE,20190822,-,-,-,1848.51,-,0
NIFTY50FUTINDEX,20190822,-,-,-,3673.69,-,0
NIFTY50FUTTRINDEX,20190822,-,-,-,10790.66,-,0
NIFTYHIGHBETA50,20190822,-,-,-,1181.80,914583896,0
NIFTYLOWVOL50,20190822,-,-,-,9534.14,156583578,0
NIFTY200QUALITY30,20190822,-,-,-,9062.80,-,0
NIFTY50VALUE20,20190822,5171.15,5174.75,5114.65,5125.00,452005440,0
NIFTYGROWSECT15,20190822,5611.45,5619.65,5527.35,5536.65,349498621,0
NIFTY50TR2XLEV,20190822,5643.65,5645.00,5450.55,5473.75,-,0
NIFTY50PR2XLEV,20190822,4357.70,4358.75,4208.55,4226.50,-,0
NIFTY50TR1XINV,20190822,373.45,379.80,373.40,379.05,-,0
NIFTY50PR1XINV,20190822,425.00,432.25,424.95,431.35,-,0
NIFTY-GS-COMPSITE,20190822,2030.36,2034.47,2029.08,2032.44,-,0
NIFTY-GS-4-8YR,20190822,2108.00,2111.70,2106.73,2109.90,-,0
NIFTY-GS-8-13YR,20190822,1999.79,2004.30,1998.37,2002.00,-,0
NIFTY-GS-10YR,20190822,1848.60,1852.46,1845.28,1849.35,-,0
NIFTY-GS-10YR-CLN,20190822,956.63,958.64,954.90,957.02,-,0
NIFTY-GS-11-15YR,20190822,2126.35,2133.30,2126.35,2130.81,-,0
NIFTY-GS-15YRPLUS,20190822,2300.50,2300.50,2300.50,2307.13,-,0
VIX,20190822,17.02,18.12,14.49,17.85,0,0
