20MICRONS,20190829,33.7,35.85,32.15,34.05,101970
21STCENMGM,20190829,12.65,12.65,12.6,12.6,237
3IINFOTECH,20190829,1.7,1.75,1.7,1.75,291071
3MINDIA,20190829,20550,20779.95,20350,20424.45,3865
5PAISA,20190829,146.85,146.85,133.9,134,11050
63MOONS,20190829,114.65,120,114.65,114.65,140435
8KMILES,20190829,54.4,54.45,52,52.9,53733
A2ZINFRA,20190829,9.8,9.95,9.75,9.75,76491
AARTIDRUGS,20190829,473.4,473.45,452.65,459.95,10602
AARTIIND,20190829,1593,1616,1570.9,1585.8,45090
AARVEEDEN,20190829,14.15,14.25,12.55,13.7,2935
AAVAS,20190829,1546.2,1549.9,1480.15,1500.95,6927
ABAN,20190829,24.95,24.95,23.45,24.1,145305
ABB,20190829,1364,1364,1325.1,1332.3,134390
ABBOTINDIA,20190829,9021,9110,9015.05,9090.5,2979
ABCAPITAL,20190829,87.8,89,86.3,88.65,1138812
ABFRL,20190829,190.75,192.3,187.55,189.65,355815
ACC,20190829,1530.15,1546,1494.2,1500.1,815331
ACCELYA,20190829,756.95,761,739,757.6,8501
ACE,20190829,55.35,56.45,54,55.85,102875
ADANIENT,20190829,138,138,130.35,132.35,6108447
ADANIGAS,20190829,146.5,147.2,143.25,143.85,158967
ADANIGREEN,20190829,44.15,44.3,43,43.4,175387
ADANIPORTS,20190829,367,370.3,361.3,366.2,1725632
ADANIPOWER,20190829,59,59.65,56.1,57.35,7711499
ADANITRANS,20190829,234.75,237,233.1,236.1,60601
ADFFOODS,20190829,261.1,266.6,250.3,251.95,34271
ADHUNIK,20190829,1.15,1.15,1.05,1.1,26315
ADHUNIKIND,20190829,88.5,89.7,86.9,87.85,43104
ADLABS,20190829,3.45,3.65,3.45,3.6,52430
ADORWELD,20190829,289.95,289.95,285,285.4,1174
ADROITINFO,20190829,9.65,9.95,9.65,9.65,3275
ADSL,20190829,13.5,14,13.2,13.45,11226
ADVANIHOTR,20190829,52.7,53.75,51.25,51.65,4560
ADVENZYMES,20190829,150.75,150.75,142.4,145.15,173533
AEGISCHEM,20190829,193,194.95,186.4,188.9,165573
AFFLE,20190829,832,848.95,820.75,822.45,24272
AGARIND,20190829,126,126.05,120.85,124.8,1431
AGCNET,20190829,111.5,115.95,111.5,112.6,5753
AGLSL,20190829,46.8,48.85,45.1,46.5,4663
AGRITECH,20190829,44,44.8,42.5,44.05,15571
AGROPHOS,20190829,93.8,93.8,87.5,87.5,635
AHLEAST,20190829,154.05,158,154.05,155.85,365
AHLUCONT,20190829,306.05,306.05,305,305.05,864
AHLWEST,20190829,284.2,305,282,304.85,2460
AIAENG,20190829,1565,1572.5,1536,1546.2,13264
AIONJSW,20190829,14,14.75,14,14.45,11658
AIRAN,20190829,16.7,17.65,16.2,16.45,3531
AJANTPHARM,20190829,992.2,1009,978.55,1000.9,138295
AJMERA,20190829,119.1,120.95,116.25,118.1,34438
AKSHARCHEM,20190829,206,210,193.7,195.85,2456
AKSHOPTFBR,20190829,7.9,8.1,7.8,8.1,587534
AKZOINDIA,20190829,1699.15,1710,1699.15,1700.8,2903
ALANKIT,20190829,20.4,20.4,19,19.55,228432
ALBERTDAVD,20190829,335.75,335.75,324.75,326.7,3509
ALBK,20190829,34.75,34.75,33.55,33.8,877985
ALCHEM,20190829,1,1.1,1,1.05,812
ALEMBICLTD,20190829,33.45,34.95,33.45,33.55,102285
ALICON,20190829,404,404,396.2,400.9,138
ALKALI,20190829,40.05,41.9,40.05,40.55,10561
ALKEM,20190829,1829.85,1829.85,1800,1817.75,5868
ALKYLAMINE,20190829,755,758,744,753.1,1455
ALLCARGO,20190829,91.8,93.1,90,90.65,871841
ALLSEC,20190829,264,277,260.15,276.7,939
ALOKTEXT,20190829,2.7,2.7,2.55,2.6,4590893
ALPA,20190829,14.55,14.85,14.5,14.7,6037
ALPHAGEO,20190829,197,205.85,195.95,202.55,11086
ALPSINDUS,20190829,0.5,0.55,0.5,0.5,4064
AMARAJABAT,20190829,612.75,614.4,580,609.25,1092223
AMBER,20190829,852,852,825,827,9107
AMBIKCO,20190829,843,873.95,832.65,841.1,5002
AMBUJACEM,20190829,203.55,205.15,199.4,200.05,3138802
AMDIND,20190829,17.05,17.05,16.5,16.7,3345
AMJLAND,20190829,17,18,16.4,17.15,2206
AMRUTANJAN,20190829,284.95,286.9,284.7,286.05,9424
ANANTRAJ,20190829,27.1,31.1,26.75,30.15,944704
ANDHRABANK,20190829,18.7,18.7,17.8,18.3,395048
ANDHRACEMT,20190829,2.4,2.4,2.4,2.4,6792
ANDHRSUGAR,20190829,296.8,304.45,290.05,291.35,52633
ANIKINDS,20190829,7.6,9.1,7.6,8.35,2382
ANKITMETAL,20190829,0.45,0.45,0.4,0.45,14880
ANSALAPI,20190829,4.25,4.35,4,4.05,53018
ANSALHSG,20190829,5.6,5.6,4.7,5.1,53138
ANTGRAPHIC,20190829,0.8,0.9,0.8,0.9,212306
ANUP,20190829,410,415,395,395.75,21737
APARINDS,20190829,554.95,554.95,532.75,533.95,5169
APCL,20190829,144.95,144.95,139.2,141.2,2309
APCOTEXIND,20190829,204.7,206.35,195.3,199.7,10584
APEX,20190829,199.1,200,195.95,196.45,25169
APLAPOLLO,20190829,1280,1294,1250.05,1264.25,24431
APLLTD,20190829,499.95,500,490,498.7,8933
APOLLO,20190829,78.9,78.9,70.25,71.65,22626
APOLLOHOSP,20190829,1520,1529.8,1505.1,1518.35,619177
APOLLOTYRE,20190829,167.55,172.4,167.25,169.6,2913894
APOLSINHOT,20190829,750,889,750,826.8,5290
APTECHT,20190829,134,134.1,128.55,129.3,120564
ARCHIDPLY,20190829,25.05,25.4,24.2,25.15,6274
ARCHIES,20190829,17.1,17.2,16.6,16.75,12970
ARCOTECH,20190829,2.15,2.2,2.05,2.1,31469
ARIES,20190829,50.05,51.4,49.15,49.95,11985
ARIHANT,20190829,16.8,18,15.4,16,303
ARIHANTSUP,20190829,29.55,30.7,29.5,30.45,2173
ARMANFIN,20190829,374,374,345,354.1,1104
AROGRANITE,20190829,40.3,41.5,38.25,39.55,13920
ARROWGREEN,20190829,50,50.9,48,49,8558
ARROWTEX,20190829,9.9,10.6,9.9,10.2,1506
ARSHIYA,20190829,19,19.4,18,18.65,48777
ARSSINFRA,20190829,21.3,22.1,20.5,21.25,7950
ARVIND,20190829,46.15,48.8,45.7,48.35,5211016
ARVINDFASN,20190829,499.05,502,475.6,496.9,210552
ARVSMART,20190829,87.55,89.7,86.3,87.55,9490
ASAHIINDIA,20190829,187.9,187.9,180.15,185.1,10600
ASAHISONG,20190829,126,126,121.05,122,2825
ASAL,20190829,31.5,32.7,30.1,32.4,654
ASHAPURMIN,20190829,25.25,27.6,25.25,26.15,13645
ASHIANA,20190829,114.95,114.95,110,110.65,15212
ASHIMASYN,20190829,6.95,7.7,6.8,7.2,5116
ASHOKA,20190829,98.3,99.85,95.05,95.5,151448
ASHOKLEY,20190829,65.9,66.3,64.35,65.75,20369412
ASIANHOTNR,20190829,101.1,107.9,96.05,99.95,3116
ASIANPAINT,20190829,1602.85,1619.9,1589,1615.25,861692
ASIANTILES,20190829,221.85,223.5,216.25,218.85,81289
ASPINWALL,20190829,135,137.7,133.9,137.7,636
ASSAMCO,20190829,1.1,1.1,1,1,78984
ASTEC,20190829,380,384.7,368.05,375.1,3358
ASTERDM,20190829,118.05,118.5,116,116.95,14962
ASTRAL,20190829,1316,1319.2,1278.15,1290.05,132127
ASTRAMICRO,20190829,76,77.8,74.05,76.3,54172
ASTRAZEN,20190829,1860,1869.95,1835,1849.45,23897
ASTRON,20190829,92.95,94.2,91,92.55,460926
ATFL,20190829,492.2,505,480.25,502.2,3978
ATLANTA,20190829,6.9,6.9,6.35,6.6,4524
ATLASCYCLE,20190829,38,39.2,37.35,39.1,4151
ATNINTER,20190829,0.1,0.15,0.1,0.1,5157
ATUL,20190829,3509,3520,3460,3480.45,6831
ATULAUTO,20190829,217.05,218.65,206.45,207.55,9067
AUBANK,20190829,669,673.55,658,661.35,102347
AURIONPRO,20190829,89.75,93.1,88,90,12496
AUROPHARMA,20190829,591,596.5,583.95,591.1,1732977
AUSOMENT,20190829,29.55,32,29.55,29.9,1917
AUTOAXLES,20190829,807,822.1,801,807.4,1872
AUTOIND,20190829,34.4,34.4,33.3,33.95,2245
AUTOLITIND,20190829,21.9,21.9,19.35,21.45,789
AVADHSUGAR,20190829,224.5,229.55,215.3,217.8,85029
AVANTIFEED,20190829,306,310,305,307.15,159118
AVTNPL,20190829,21.25,21.55,21,21.15,21601
AXISBANK,20190829,674,676.75,658.9,661.15,8753540
AXISCADES,20190829,62.5,64.4,61.75,63.1,205614
AXISGOLD,20190829,3448,3450,3402.1,3434.1,444
AXISNIFTY,20190829,1136.85,1136.85,1124.16,1131.09,17
AYMSYNTEX,20190829,30.55,32.5,26.8,32,32630
BAGFILMS,20190829,2.75,2.85,2.6,2.75,280545
BAJAJ-AUTO,20190829,2762,2786.75,2738.4,2757.8,438739
BAJAJCON,20190829,251,256.5,250,253.65,633358
BAJAJELEC,20190829,393,397.75,387.5,389.3,31303
BAJAJFINSV,20190829,7025,7055,6931.2,6979.85,312764
BAJAJHIND,20190829,5.7,5.7,5.35,5.4,1774451
BAJAJHLDNG,20190829,3284.1,3320,3284.1,3310.3,10291
BAJFINANCE,20190829,3323.7,3330,3276,3299.3,1529926
BALAJITELE,20190829,65,65.05,56.85,57.95,628643
BALAMINES,20190829,263,263,252.05,252.6,17283
BALAXI,20190829,91,91,82.4,83.55,1063
BALKRISHNA,20190829,18.35,18.35,17.2,17.55,6335
BALKRISIND,20190829,744.55,754,740,745.15,323797
BALLARPUR,20190829,0.75,0.8,0.7,0.8,1485440
BALMLAWRIE,20190829,173,174.25,170.55,172.2,60884
BALPHARMA,20190829,39.05,39.9,37.1,37.9,6241
BALRAMCHIN,20190829,131,134.9,127.75,131.6,3118098
BANARBEADS,20190829,41,41,39.9,40.8,21026
BANARISUG,20190829,1187,1187,1065.15,1137.8,333
BANCOINDIA,20190829,99.55,101,97.5,98.2,11961
BANDHANBNK,20190829,474.4,475.05,460.25,465.4,442322
BANG,20190829,30.95,32.55,29.5,30.75,18862
BANKBARODA,20190829,94,96,91.35,91.8,28470571
BANKBEES,20190829,2835,2835,2785,2794.45,14198
BANKINDIA,20190829,67.25,68.05,64.65,65.9,6960975
BANSWRAS,20190829,64.4,65.5,63.4,64.35,1837
BARTRONICS,20190829,2.8,2.8,2.65,2.65,2546
BASF,20190829,1036,1036.2,1007.15,1022.6,1696
BASML,20190829,122.25,122.25,105.15,115.95,12462
BATAINDIA,20190829,1507,1515,1491.45,1506.5,446936
BAYERCROP,20190829,3084.65,3119.7,3071,3105.75,1314
BBL,20190829,895,906.6,880.1,887.95,32489
BBTC,20190829,894,917.95,851.35,860.25,244767
BCG,20190829,3.65,3.75,3.45,3.45,145100
BCP,20190829,9.75,10.05,9.75,10,4264287
BDL,20190829,281.1,286.85,279.15,282.1,15914
BEARDSELL,20190829,12.8,13,11.35,12.1,970
BEDMUTHA,20190829,12,13.2,11.4,12,23607
BEL,20190829,103.25,106.35,100.75,104.7,20111083
BEML,20190829,802.7,822,790.6,801.6,721975
BEPL,20190829,55.5,55.5,53,53.85,200219
BERGEPAINT,20190829,365.4,371.45,363.4,370.15,689951
BFINVEST,20190829,265.4,268.8,261.1,262.25,18545
BFUTILITIE,20190829,162.4,164.05,158.1,159.2,232659
BGLOBAL,20190829,1.05,1.05,1,1,28840
BGRENERGY,20190829,36.25,36.85,33.75,33.95,143310
BHAGERIA,20190829,106.95,106.95,103,103.2,2845
BHAGYANGR,20190829,21,21,18.55,19.6,8375
BHAGYAPROP,20190829,21,21,21,21,1
BHANDARI,20190829,1.3,1.35,1.25,1.3,28454
BHARATFORG,20190829,389.4,391.3,380.85,382.6,989077
BHARATGEAR,20190829,63,63,59.1,60.35,13502
BHARATRAS,20190829,4800,4884.95,4723,4826.35,451
BHARATWIRE,20190829,30.6,30.95,30.05,30.2,4100
BHARTIARTL,20190829,342.35,349.75,341.15,343.5,5929198
BHEL,20190829,51.35,51.45,50,50.6,7558972
BIGBLOC,20190829,24.8,24.8,22.9,23.05,612
BIL,20190829,207,221.9,207,207.25,43
BILENERGY,20190829,1.5,1.5,1.5,1.5,20949
BINANIIND,20190829,11.95,12.3,11.2,12.3,9622
BINDALAGRO,20190829,8.6,8.6,8,8.1,117191
BIOCON,20190829,218.9,228.95,218.9,227.95,4041972
BIOFILCHEM,20190829,4.95,4.95,4.95,4.95,1500
BIRLACABLE,20190829,44.5,46,42.1,43.45,67958
BIRLACORPN,20190829,537,543.85,526,529.55,54720
BIRLAMONEY,20190829,31.9,31.95,31.1,31.45,15607
BKMINDST,20190829,1.4,1.45,1.35,1.35,19880
BLBLIMITED,20190829,3.35,3.55,3.35,3.55,5500
BLISSGVS,20190829,97.5,105.35,96,102.8,351092
BLKASHYAP,20190829,9.9,9.9,9.55,9.55,24464
BLS,20190829,80,80.5,79.4,80.1,8393
BLUEBLENDS,20190829,1.55,1.55,1.55,1.55,3
BLUECOAST,20190829,2.85,2.85,2.85,2.85,100
BLUEDART,20190829,2218.25,2240.15,2205,2210.55,891
BLUESTARCO,20190829,733,744.3,720.05,724.75,16723
BODALCHEM,20190829,70.3,73.2,70.2,72.45,49349
BOMDYEING,20190829,79.65,83.65,77.6,79.3,2363157
BOROSIL,20190829,135.5,137.5,131.05,132.15,22325
BOSCHLTD,20190829,14130,14330,13844,13999,20266
BPCL,20190829,350.8,357.4,346.5,354.05,4916466
BPL,20190829,16.25,16.95,15.8,15.95,61706
BRFL,20190829,5,5.1,4.95,5.05,7990
BRIGADE,20190829,200,206,190.1,199.35,516124
BRITANNIA,20190829,2703.2,2737,2651.5,2676.85,535368
BRNL,20190829,71.5,71.9,68.3,68.5,1290
BROOKS,20190829,34.55,35,32.75,33.05,12952
BSE,20190829,520,526.3,500,509.35,122576
BSELINFRA,20190829,1,1.1,1,1,20319
BSL,20190829,28,28,26.2,27,11301
BSLGOLDETF,20190829,3600,3648,3565.65,3568.75,55
BSLNIFTY,20190829,119.99,119.99,119.27,119.27,19
BSOFT,20190829,65.25,67.8,64.2,67.05,1246279
BURNPUR,20190829,1.7,1.7,1.6,1.6,5772
BUTTERFLY,20190829,147.25,148.95,145.05,147.9,9883
BVCL,20190829,13.3,14.5,13.3,14.5,561
BYKE,20190829,16.15,16.95,15.95,16.55,22817
CADILAHC,20190829,221.9,222.55,216.95,219.8,1306042
CALSOFT,20190829,16.7,16.7,14.45,14.45,136486
CAMLINFINE,20190829,55.5,56.6,54.6,55.1,34180
CANBK,20190829,225,226.7,217.75,220.6,4790806
CANFINHOME,20190829,402,417,394.75,398.85,767879
CANTABIL,20190829,228.9,231.95,220.1,222.55,14674
CAPACITE,20190829,197.1,201,189.15,194.45,56421
CAPLIPOINT,20190829,410,417.2,410,414,11365
CAPTRUST,20190829,76,81.75,74.1,79.55,9035
CARBORUNIV,20190829,282.75,287.55,280,281.95,104030
CAREERP,20190829,77.1,79,75,75.6,20914
CARERATING,20190829,544.8,546.5,529.35,532.95,67259
CASTEXTECH,20190829,0.55,0.55,0.5,0.55,117039
CASTROLIND,20190829,123.75,124.75,120.25,121.65,1066243
CCHHL,20190829,3.85,3.85,3.6,3.85,12529
CCL,20190829,240.15,243,237.1,238.1,22423
CDSL,20190829,192.5,196.3,191.35,193.4,89243
CEATLTD,20190829,907.5,918,900,911.7,92573
CEBBCO,20190829,14.6,14.6,13.3,13.45,6672
CELEBRITY,20190829,6.8,7.35,6.65,7.15,58812
CELESTIAL,20190829,3.1,3.25,3.05,3.1,29353
CENTENKA,20190829,181.85,185.65,180,182.05,10453
CENTEXT,20190829,2.65,2.7,2.55,2.65,10665
CENTRALBK,20190829,19.5,19.5,18.8,18.95,482023
CENTRUM,20190829,27.5,27.5,26.05,26.45,81509
CENTUM,20190829,395,398,371.85,381.35,2240
CENTURYPLY,20190829,133.6,135.65,131.4,132.85,74691
CENTURYTEX,20190829,841,855.75,837.2,840.15,291229
CERA,20190829,2525,2600,2470.75,2512.9,1494
CEREBRAINT,20190829,25.2,25.45,24.3,25.05,79350
CESC,20190829,765.6,766,748.1,756.7,223527
CESCVENT,20190829,362.15,364.9,343,348.85,9038
CGCL,20190829,155,155.5,150.2,151.9,346377
CGPOWER,20190829,10,10,10,10,420677
CHALET,20190829,290.1,299.8,288,294.95,15240
CHAMBLFERT,20190829,154.45,157.5,153,154.1,214698
CHEMFAB,20190829,160,160.05,159.5,160.05,800
CHENNPETRO,20190829,187,188.7,185.25,187.6,377399
CHOLAFIN,20190829,267.6,273,261.6,267.45,775504
CHOLAHLDNG,20190829,435.65,447.6,429.95,442.45,68282
CIGNITITEC,20190829,279,283.05,275,281.75,68136
CIMMCO,20190829,17.9,19,16.55,17.45,18376
CINELINE,20190829,39.8,39.8,37.15,37.85,5930
CINEVISTA,20190829,6.45,6.45,6.4,6.4,9229
CIPLA,20190829,465.5,468,456.55,465.2,1410078
CKFSL,20190829,1,1,1,1,5717
CLEDUCATE,20190829,84.75,91.1,84.05,85.3,1669
CLNINDIA,20190829,303.45,307.7,300.2,305.35,6805
CMICABLES,20190829,57.55,59.5,55.2,56,12857
CNOVAPETRO,20190829,7.5,9.6,7.5,8.15,13867
COALINDIA,20190829,183.3,190.3,182.1,189,31069292
COCHINSHIP,20190829,346,346,341,345.05,15895
COFFEEDAY,20190829,78.75,78.75,78.75,78.75,233563
COLPAL,20190829,1218,1259,1213,1252.4,839098
COMPINFO,20190829,9.45,9.55,8.8,8.95,117529
COMPUSOFT,20190829,8.7,8.7,8.15,8.55,20173
CONCOR,20190829,485,499.85,482.15,496.75,638774
CONFIPET,20190829,23.9,24.9,23.5,23.8,101412
CONSOFINVT,20190829,32.5,35,27.8,33.9,14180
CONTROLPR,20190829,242.05,250,242.05,245.3,3917
CORALFINAC,20190829,10.95,11.35,9,10.9,111463
CORDSCABLE,20190829,39.5,39.5,36.65,37.3,4006
COROMANDEL,20190829,386,387.5,373.4,386.4,81756
CORPBANK,20190829,17.6,17.8,17,17.2,212918
COSMOFILMS,20190829,215.9,219.1,213.35,215,25478
COUNCODOS,20190829,1.45,1.55,1.45,1.55,1668
COX&KINGS,20190829,4.65,4.65,4.65,4.65,131287
CPSEETF,20190829,22.4,22.79,22.14,22.63,9715072
CREATIVE,20190829,75.65,75.65,72.2,72.3,5006
CREDITACC,20190829,520,526.5,520,525.05,43110
CREST,20190829,77,79.8,77,79.8,550
CRISIL,20190829,1295,1296,1260.25,1279.65,3816
CROMPTON,20190829,225.75,227.95,225.1,225.95,687367
CTE,20190829,29,29.95,28.5,28.55,2578
CUB,20190829,193.2,194.8,190.1,192.8,224834
CUBEXTUB,20190829,9.55,10.7,9.5,10.35,1327
CUMMINSIND,20190829,571.05,577.75,562.55,569.6,739941
CUPID,20190829,131.1,132.8,129,129.6,16014
CURATECH,20190829,1.15,1.15,1.15,1.15,100
CYBERTECH,20190829,46,47.4,45.8,46.6,2410
CYIENT,20190829,434,435.9,427.1,429.8,71407
DAAWAT,20190829,22.6,23.5,22.2,22.95,639122
DABUR,20190829,434.75,445,432,442.85,1652654
DALBHARAT,20190829,924.2,938.45,908,912.8,26909
DALMIASUG,20190829,76.9,78.8,73.5,75.1,189205
DAMODARIND,20190829,30,30,28.6,29,54
DATAMATICS,20190829,72.2,74,71.3,72.5,33082
DBCORP,20190829,137.05,138.9,135,135.85,38109
DBL,20190829,376,376.7,350.5,364,230240
DBREALTY,20190829,6.2,6.35,6.05,6.15,88889
DBSTOCKBRO,20190829,8.55,8.55,8.55,8.55,10
DCAL,20190829,169,170,166,167.6,103555
DCBBANK,20190829,199,202,198.5,200.05,292491
DCM,20190829,19.9,22,19.3,21.5,28363
DCMNVL,20190829,26.05,30.5,26.05,28.95,2172
DCMSHRIRAM,20190829,389.9,397.9,384.6,388,88030
DCW,20190829,15.7,16.35,15.5,16.2,241633
DECCANCE,20190829,357.95,367.85,356.95,358.05,8110
DEEPAKFERT,20190829,81.9,83.4,79.15,80,111289
DEEPAKNTR,20190829,284.6,287.25,278.2,280.4,103699
DEEPIND,20190829,102.55,102.55,98.1,101.05,10308
DELTACORP,20190829,169.5,169.85,162.5,163.85,475330
DELTAMAGNT,20190829,40.95,41.75,38.95,41.75,153
DEN,20190829,89.85,91,86.2,88.7,150308
DENORA,20190829,205.05,217.8,198.2,199.75,6391
DFMFOODS,20190829,268.85,270.9,263.95,269.35,12330
DGCONTENT,20190829,6.05,6.35,6,6.25,43252
DHAMPURSUG,20190829,150,153.5,145.6,147.5,598481
DHANBANK,20190829,13.5,13.65,12.8,13.55,1042736
DHANUKA,20190829,318.95,319.45,312.25,313,6098
DHARSUGAR,20190829,6.9,8,6.8,8,95594
DHFL,20190829,48.1,49.2,46.5,47.25,15285533
DHUNINV,20190829,207.85,207.85,192,194.85,288
DIAMONDYD,20190829,730.3,750,730.3,737.75,390
DICIND,20190829,306.75,306.8,302,304.3,140
DIGISPICE,20190829,7,7,6.8,7,2066
DIGJAMLTD,20190829,1.4,1.4,1.3,1.3,16081
DISHTV,20190829,23,23.35,21.4,22.35,27042747
DIVISLAB,20190829,1581.1,1634,1572,1615,479265
DIXON,20190829,2724,2800,2603,2640.95,32485
DLF,20190829,163,166.9,161,165.1,11577203
DLINKINDIA,20190829,86.5,88,85.3,85.95,6690
DMART,20190829,1546.1,1574.2,1533.2,1547.05,324452
DNAMEDIA,20190829,0.35,0.45,0.35,0.4,25460
DOLAT,20190829,38.05,39.5,38,38.55,214271
DOLLAR,20190829,197.05,199.7,193.15,195.15,2525
DOLPHINOFF,20190829,13.5,14.45,13.5,14.15,5157
DONEAR,20190829,28,28.8,27.15,28.35,11821
DPSCLTD,20190829,13.15,13.85,13.15,13.55,5462
DQE,20190829,2.95,3,2.85,3,7803
DREDGECORP,20190829,311.9,346,310.25,333.45,1266806
DRREDDY,20190829,2515,2535,2493.95,2527.8,504970
DSSL,20190829,25,26.35,23.8,24.8,4018
DTIL,20190829,161.2,163.95,161,161.05,392
DUCON,20190829,5,5,4.7,4.75,37780
DVL,20190829,71,71,65.65,68.2,4125
DWARKESH,20190829,23.8,24,22,22.85,603519
DYNAMATECH,20190829,1135.65,1157.85,1133.95,1147.65,1300
DYNPRO,20190829,114.3,119.95,114.3,118.25,3920
EASTSILK,20190829,0.75,0.8,0.75,0.8,4382
EASUNREYRL,20190829,4,4.05,3.85,3.9,10950
ECLERX,20190829,450.05,460,449,450.3,4564
EDELWEISS,20190829,117,119.8,114.65,116.4,5558604
EICHERMOT,20190829,16299,16700,16137.65,16538,181398
EIDPARRY,20190829,155.6,156.25,152.4,153.5,70216
EIHAHOTELS,20190829,290.4,294.8,287,293.25,858
EIHOTEL,20190829,161.5,163.65,158.05,159.5,60765
EIMCOELECO,20190829,288.95,293,277.15,282.7,1930
EKC,20190829,19.05,19.95,18.6,19.05,66361
ELAND,20190829,4.7,4.85,4.55,4.75,3038
ELECON,20190829,30.3,30.55,28.5,29.6,46312
ELECTCAST,20190829,15.2,15.2,14.55,15.05,63457
ELECTHERM,20190829,151.3,153.35,146.1,152.75,45228
ELGIEQUIP,20190829,244.85,245.45,241,244.5,13776
ELGIRUBCO,20190829,16.5,16.75,16.5,16.75,204
EMAMILTD,20190829,301.3,303,291,296.55,112590
EMAMIPAP,20190829,79.5,79.5,74.8,74.95,493
EMAMIREAL,20190829,40.55,42,39.35,39.65,3957
EMCO,20190829,1.25,1.25,1.25,1.25,1317
EMKAY,20190829,59.9,59.9,54.25,55.85,19751
EMMBI,20190829,125.45,128.9,121.25,123.95,1427
ENDURANCE,20190829,892.4,918,878.45,884.85,27651
ENERGYDEV,20190829,5.85,5.85,5.45,5.7,36054
ENGINERSIN,20190829,103.5,106.5,102.6,105.9,1753526
ENIL,20190829,359.95,364.95,352,359.1,1658
EON,20190829,12.5,13.25,12.3,12.35,7844
EQ30,20190829,310,323.56,306,310,21
EQUITAS,20190829,104.5,110,103.5,108.3,2678775
ERIS,20190829,383.7,384.9,358.25,374.6,130335
EROSMEDIA,20190829,11.05,12,11,12,624726
ESABINDIA,20190829,1022.05,1036,996.9,1002.45,878
ESCORTS,20190829,490,521.65,487.5,517.3,3768229
ESSARSHPNG,20190829,6.6,7.15,6.6,6.85,8274
ESSELPACK,20190829,95.5,98.8,94.3,98.3,1666989
ESTER,20190829,31.2,32.35,31.05,31.65,73555
EUROCERA,20190829,0.7,0.7,0.6,0.6,750
EUROMULTI,20190829,0.4,0.5,0.4,0.5,18430
EUROTEXIND,20190829,11.6,11.6,10.75,10.75,1188
EVEREADY,20190829,82,82.05,80.15,80.45,31186
EVERESTIND,20190829,325.05,328,305.1,309.8,60225
EXCEL,20190829,1.1,1.1,1.1,1.1,29976
EXCELINDUS,20190829,896,905,826,837.75,14375
EXIDEIND,20190829,177,179.3,175.75,176.8,556714
EXPLEOSOL,20190829,253.2,254.75,244,251.6,3885
FACT,20190829,35.55,36.9,34.6,34.85,218945
FAIRCHEM,20190829,502.6,502.6,472.05,488.2,5598
FCL,20190829,25.4,25.85,24,24.25,101692
FCONSUMER,20190829,28.85,28.85,26.75,27.5,1177438
FCSSOFT,20190829,0.3,0.3,0.25,0.25,666601
FDC,20190829,160,161.35,159.8,160.5,10997
FEDERALBNK,20190829,81.8,81.8,79.25,80.4,16278747
FEL,20190829,25.15,25.5,23,24.4,177566
FELDVR,20190829,25.05,25.35,24.4,24.65,3595
FIEMIND,20190829,384,386.3,367.5,368.95,5689
FILATEX,20190829,37.25,37.55,35.15,35.8,105910
FINCABLES,20190829,364.7,366.5,359.55,363.3,32786
FINEORG,20190829,1403,1435,1403,1416.7,725
FINPIPE,20190829,509,514.9,505,506.4,8964
FLEXITUFF,20190829,12.15,12.2,11.8,12,2702
FLFL,20190829,440.5,447.9,428,431.5,10985
FMGOETZE,20190829,527.95,527.95,505.5,507.65,2462
FMNL,20190829,29.6,29.6,27.4,27.4,12430
FORCEMOT,20190829,1244.9,1251.2,1211,1218.7,12853
FORTIS,20190829,122.1,124.4,121.55,122.25,588080
FOSECOIND,20190829,1191,1203.95,1185.1,1185.7,461
FRETAIL,20190829,394,397.6,390,394.55,158864
FSC,20190829,559.95,574.8,544.5,551.7,8332
FSL,20190829,47.55,48.25,47.4,47.85,575449
GABRIEL,20190829,107,107,101.55,103.3,45762
GAEL,20190829,142.45,146,140.1,142.9,15757
GAIL,20190829,127.15,129.4,126.5,128.5,6168273
GAL,20190829,3,3,2.9,2.95,8648
GALAXYSURF,20190829,1300,1325.85,1261.2,1277.45,3644
GALLANTT,20190829,26.45,26.5,24.6,24.8,1917
GALLISPAT,20190829,17.6,17.6,16.05,16.8,19850
GAMMNINFRA,20190829,0.3,0.35,0.3,0.35,387466
GANDHITUBE,20190829,300,309.9,297.4,307.2,1839
GANECOS,20190829,245.6,246.8,240,245.75,4145
GANESHHOUC,20190829,36.85,37.75,36.2,36.5,12169
GANGESSECU,20190829,35.15,35.15,34.05,35,8439
GARDENSILK,20190829,10.25,10.5,9.4,9.6,6334
GARFIBRES,20190829,1010.05,1055,1000,1026.8,2200
GATI,20190829,40.9,40.9,39,39.85,254742
GAYAHWS,20190829,0.5,0.5,0.45,0.45,469454
GAYAPROJ,20190829,104.5,109,104.5,108.2,4326
GDL,20190829,97.1,98.65,96.15,96.4,33033
GEECEE,20190829,82.05,84.9,79.4,83.4,4362
GENESYS,20190829,80,84.8,78.45,79.35,17627
GENUSPAPER,20190829,4.6,4.6,4.4,4.5,36565
GENUSPOWER,20190829,21.4,21.65,20.8,20.95,55130
GEOJITFSL,20190829,25.85,25.85,25,25.25,64475
GEPIL,20190829,793.6,801.5,770.2,779.7,10181
GESHIP,20190829,237.5,242.5,235.55,239.95,204474
GET&D,20190829,154,154,149.5,150.5,9001
GFLLIMITED,20190829,42.8,42.8,41.15,42.8,250478
GFSTEELS,20190829,2,2,2,2,661
GHCL,20190829,194,197.8,192.15,193.8,34061
GICHSGFIN,20190829,179,181.9,173.15,175.6,41001
GICRE,20190829,170,172.55,166.15,169.1,32671
GILLANDERS,20190829,30.7,32,29,30.8,646
GILLETTE,20190829,7009.3,7120,6955,7106.65,1990
GINNIFILA,20190829,8.1,8.3,7.85,7.95,31682
GIPCL,20190829,68.65,68.8,68.1,68.3,40065
GKWLIMITED,20190829,724.9,734,687,709.5,109
GLAXO,20190829,1196.2,1200.55,1185.05,1192.25,18419
GLENMARK,20190829,376.5,386,376.05,383.15,1477289
GLOBALVECT,20190829,55.9,58.05,55.75,57.3,5183
GLOBOFFS,20190829,6.35,6.75,6.05,6.15,2148
GLOBUSSPR,20190829,105.15,107.25,104,104.5,16831
GMBREW,20190829,350.1,363.45,347.05,353,13076
GMDCLTD,20190829,64.9,65,62.95,63.4,64928
GMMPFAUDLR,20190829,1513,1525,1495,1500.7,9828
GMRINFRA,20190829,15.2,15.3,14.75,15.1,25951683
GNA,20190829,230.3,231.2,222.75,225.9,14638
GNFC,20190829,180.2,181.8,175.1,176.65,240952
GOACARBON,20190829,223,226.15,213.5,219.05,60380
GOCLCORP,20190829,276.8,297.8,276.05,288.4,2777
GODFRYPHLP,20190829,1037.4,1060,1020,1026.15,127886
GODREJAGRO,20190829,456.5,459.75,446.3,448.8,12057
GODREJCP,20190829,596,605.45,593.6,600.4,538534
GODREJIND,20190829,425,429.65,421,422.65,80235
GODREJPROP,20190829,887.95,907.85,887.9,900.2,424431
GOKEX,20190829,78.6,81.7,78.5,81,36907
GOKUL,20190829,12.75,12.75,12.4,12.45,5230
GOKULAGRO,20190829,11.75,12.05,11.4,12,2793
GOLDBEES,20190829,3430.15,3446.9,3418,3422.25,36591
GOLDENTOBC,20190829,28,30.25,27.9,28.2,1679
GOLDIAM,20190829,95.15,99,94.05,95.2,16351
GOLDSHARE,20190829,3475,3485,3450,3461.65,2012
GOLDTECH,20190829,10.3,10.65,10.3,10.35,1944
GOODLUCK,20190829,50,51,49.25,50.25,21734
GPIL,20190829,134,135,128.05,132.35,49402
GPPL,20190829,78.6,79.15,78,78.45,40525
GPTINFRA,20190829,37.15,39.4,35.25,38.45,1005
GRANULES,20190829,93,93,90.45,90.95,314488
GRAPHITE,20190829,279.7,281,272.8,273.75,564804
GRASIM,20190829,713.5,713.5,695,708.85,1512720
GRAVITA,20190829,42.5,44.5,42,42.35,32074
GREAVESCOT,20190829,125.75,125.75,122.05,123.3,55407
GREENLAM,20190829,744.9,799,720.05,756.1,572
GREENPLY,20190829,139.55,143,131.1,141.4,39198
GREENPOWER,20190829,2.5,2.5,2.4,2.45,27036
GRINDWELL,20190829,543,549.45,543,545,965
GROBTEA,20190829,283,296.95,255,258.9,1042
GRPLTD,20190829,900,900,876.05,882.05,7
GRSE,20190829,132.3,135.5,131.35,132.5,186161
GRUH,20190829,252,253.15,245,249.6,447504
GSCLCEMENT,20190829,17.15,18.3,17.15,17.65,15071
GSFC,20190829,72.6,74.9,72.3,74.4,283703
GSKCONS,20190829,7925,7950.4,7825,7874.9,24611
GSPL,20190829,218.95,221.9,218.2,219.95,596429
GSS,20190829,34.95,34.95,34.25,34.6,8726
GTL,20190829,2.45,2.45,2.3,2.4,24535
GTLINFRA,20190829,0.5,0.55,0.45,0.5,1727882
GTNIND,20190829,5.7,6.2,5.7,5.9,2165
GTNTEX,20190829,6.6,6.95,6.6,6.65,98
GTPL,20190829,78,78.8,73,73.7,30304
GUFICBIO,20190829,63.2,65,61.15,61.7,47891
GUJALKALI,20190829,399.95,401.8,385,386.3,23290
GUJAPOLLO,20190829,123.75,124,118,119,811
GUJGASLTD,20190829,178,178.7,175.8,177.1,80213
GULFOILLUB,20190829,836.1,862.7,826,830.35,12748
GULFPETRO,20190829,37,37.5,33.25,33.95,54654
GULPOLY,20190829,45.5,45.5,43.8,45.05,7658
GVKPIL,20190829,4.5,4.5,4.25,4.3,1269635
HAL,20190829,656,656,647,650.4,4366
HARITASEAT,20190829,433,434.9,419,420,475
HARRMALAYA,20190829,50,51.25,47,47.65,11512
HATHWAY,20190829,33.5,34.8,31.7,32.5,1681592
HATSUN,20190829,595.1,604.75,592.05,598.4,2758
HAVELLS,20190829,662,676.7,654.5,664.55,1777130
HAVISHA,20190829,0.5,0.6,0.5,0.6,986
HBLPOWER,20190829,14.8,14.85,14.25,14.55,59292
HCC,20190829,8.15,8.2,7.95,8.1,995645
HCG,20190829,101.4,101.4,100,100.2,6150
HCL-INSYS,20190829,8.4,8.5,8.2,8.2,135400
HCLTECH,20190829,1113,1125.7,1110,1117.75,1474019
HDFC,20190829,2176,2179,2120.4,2128.45,5158203
HDFCAMC,20190829,2400,2454,2370,2432.5,394498
HDFCBANK,20190829,2246,2253.7,2220.3,2226.95,3695929
HDFCLIFE,20190829,544.25,549.75,540,541.7,2790568
HDFCMFGETF,20190829,3516.2,3547,3510.35,3517.1,10061
HDFCNIFETF,20190829,1157.87,1157.99,1146.1,1153.89,1051
HDFCSENETF,20190829,3916,3918.99,3906.63,3910.35,29
HDIL,20190829,5.8,6,5.5,5.55,2029473
HEG,20190829,938,957,915,923.3,211033
HEIDELBERG,20190829,199,204.75,196.5,197.85,543675
HERCULES,20190829,81,81.85,78,80.9,1505
HERITGFOOD,20190829,330.25,350.9,330.25,344.7,14139
HEROMOTOCO,20190829,2564.9,2577.8,2533.3,2547.75,547796
HESTERBIO,20190829,1591.4,1621.15,1578,1585.65,1586
HEXATRADEX,20190829,9.95,9.95,9.95,9.95,8320
HEXAWARE,20190829,388.3,394.95,378.65,387.5,1286505
HFCL,20190829,18.7,18.85,18.65,18.7,974588
HGINFRA,20190829,196.5,203.2,190.25,201.15,47553
HGS,20190829,555.05,569.7,544.1,560.75,2028
HIGHGROUND,20190829,1.5,1.5,1.45,1.45,502617
HIKAL,20190829,145.4,145.8,143.45,144.75,43863
HIL,20190829,1175,1185,1135.1,1144,10139
HILTON,20190829,10.1,10.4,10.05,10.35,756
HIMATSEIDE,20190829,128,133,127.25,128.9,27773
HINDALCO,20190829,176.8,180.9,174.9,179.7,5284552
HINDCOMPOS,20190829,178.05,179.05,170,174.1,1833
HINDCOPPER,20190829,31.2,32.85,30.75,32,1563571
HINDMOTORS,20190829,5.25,5.5,4.95,5.4,66217
HINDNATGLS,20190829,21,23,21,23,113
HINDOILEXP,20190829,99,99.6,97,98.1,97083
HINDPETRO,20190829,263.2,269.2,260.5,265.9,4561426
HINDSYNTEX,20190829,3.15,3.15,3.15,3.15,300
HINDUJAVEN,20190829,350.35,354.8,342.1,350.2,3423
HINDUNILVR,20190829,1817,1843.65,1814.1,1832.95,2837369
HINDZINC,20190829,212,214.8,209.1,213,1385997
HIRECT,20190829,130,130,123,123.9,891
HISARMETAL,20190829,41.9,41.9,38.55,41.05,2424
HITECH,20190829,181.4,184,168.6,170.8,14768
HITECHCORP,20190829,76.3,76.3,74,74.7,2927
HITECHGEAR,20190829,176.6,177.05,160.3,162.8,9182
HMVL,20190829,74,75.8,71.2,73.9,5400
HNDFDS,20190829,449.9,449.9,415.7,430.2,1930
HNGSNGBEES,20190829,3000,3089.99,3000,3012.46,31
HONAUT,20190829,24500.35,24900,24482,24714.2,587
HONDAPOWER,20190829,921.2,938.7,900.1,926.2,1306
HOTELEELA,20190829,6.6,7.1,6.6,6.85,49060
HOVS,20190829,72.4,73.5,71.35,72.3,2817
HPL,20190829,41.8,41.8,39.05,39.55,17443
HSCL,20190829,80,80,76.35,77.15,212047
HSIL,20190829,45.95,47.4,43,45.5,286049
HTMEDIA,20190829,26.7,26.7,22.7,23.1,362295
HUBTOWN,20190829,16.45,16.85,16.15,16.4,83073
HUDCO,20190829,36.7,37.75,35.65,36.6,1622030
IBMFNIFTY,20190829,109.22,118,103,115.24,2762
IBREALEST,20190829,71.95,71.95,66.25,67.45,4162722
IBULHSGFIN,20190829,432,455.7,420.8,449.3,29998580
IBULISL,20190829,88.65,88.65,84.15,84.15,103042
IBVENTURES,20190829,184,184,168.8,175.95,1968527
ICICI500,20190829,144.59,144.59,143.88,144.32,56353
ICICIB22,20190829,33.59,33.59,32.9,33.12,100258
ICICIBANK,20190829,409.9,410.8,399.35,404.4,30331105
ICICIBANKN,20190829,277.34,277.35,273.5,274.33,448
ICICIBANKP,20190829,153.5,153.8,151.29,152.6,1053
ICICIGI,20190829,1250,1253,1225,1237.1,144167
ICICIGOLD,20190829,34.55,35.7,34.55,35.3,55986
ICICILIQ,20190829,1000,1000,999.99,1000,55346
ICICILOVOL,20190829,87,87.38,86.89,87.13,374
ICICIMCAP,20190829,58.48,58.66,58,58.64,8523
ICICINF100,20190829,119,119.23,118.25,118.57,464
ICICINIFTY,20190829,115.3,117,115.05,115.54,58089
ICICINV20,20190829,54,54.41,53.79,54.21,3291
ICICINXT50,20190829,26.26,26.37,26,26.35,12692
ICICIPRULI,20190829,420,425,413.8,422.55,3902128
ICICISENSX,20190829,397.26,397.97,394.29,395.13,369
ICIL,20190829,41.7,42.3,40.1,40.75,63201
ICRA,20190829,2829.85,2839,2692.3,2785.3,336
ICSA,20190829,1.3,1.3,1.3,1.3,5016
IDBI,20190829,26.5,26.7,25.7,26.1,8269439
IDBIGOLD,20190829,3600,3648,3576,3601.35,61
IDEA,20190829,5,5.3,4.8,4.85,163803711
IDFC,20190829,33.1,34.1,33.1,33.95,654133
IDFCFIRSTB,20190829,42,43.45,41.7,43,15200063
IDFNIFTYET,20190829,118,119,113.7,113.7,6
IEX,20190829,131.9,133.75,128.1,131.9,18353
IFBAGRO,20190829,331,332.9,307.5,311.75,9301
IFBIND,20190829,654,688,654,667.25,7894
IFCI,20190829,7.15,7.2,7,7.05,869327
IFGLEXPOR,20190829,141,145,137.3,143.7,885
IGARASHI,20190829,200,211.8,196,204.15,17921
IGL,20190829,333,334.5,326,329.7,1324535
IGPL,20190829,169,169,142.3,148.3,33273
IIFL,20190829,122,123.9,116,120.15,73880
IITL,20190829,59,62,58.8,61,216
IMFA,20190829,161.95,161.95,152.3,154.7,13758
IMPAL,20190829,800.65,806,800.65,806,870
IMPEXFERRO,20190829,0.35,0.35,0.3,0.3,4701
INDBANK,20190829,7.35,7.45,6.6,7.1,31395
INDHOTEL,20190829,137.2,139.8,134.4,138.9,619196
INDIACEM,20190829,74.1,76.8,73.5,75.65,1544138
INDIAGLYCO,20190829,193.2,195.8,188,189.05,51146
INDIAMART,20190829,1163.85,1206.4,1145.25,1187.8,41111
INDIANB,20190829,196,196,190,191.3,390701
INDIANCARD,20190829,100,109,100,107.3,2941
INDIANHUME,20190829,254.9,256.5,247.3,249,11053
INDIGO,20190829,1661,1667.45,1641,1656.25,944637
INDLMETER,20190829,18,18.85,17.75,18.85,1392
INDNIPPON,20190829,330,330,325.3,327.55,1332
INDOCO,20190829,140.85,144.35,133.15,135.75,29139
INDORAMA,20190829,27.05,27.8,25.15,26,47676
INDOSTAR,20190829,288.95,288.95,280.35,282.6,5473
INDOTECH,20190829,80,82,77,80.6,5901
INDOTHAI,20190829,19.5,22,19.35,19.7,4995
INDOWIND,20190829,2.95,3.6,2.9,3.3,28412
INDRAMEDCO,20190829,36.55,36.6,36.3,36.3,20744
INDSWFTLAB,20190829,38.3,42,38.05,38.7,426895
INDSWFTLTD,20190829,4.45,4.45,3.85,3.85,3102
INDTERRAIN,20190829,84.7,84.7,78,81.8,2874
INDUSINDBK,20190829,1357,1381,1338,1350.55,4555489
INEOSSTYRO,20190829,617.5,617.5,601.55,605.55,6302
INFIBEAM,20190829,39.5,40.05,39.3,39.65,1888117
INFOBEAN,20190829,61,61.9,60.7,61.75,3521
INFRABEES,20190829,314,318.99,310.37,313.07,70
INFRATEL,20190829,246.35,264.35,245.35,258.45,2754757
INFY,20190829,795.5,809.7,795.5,806.95,7830413
INGERRAND,20190829,599,599,590,592.2,5673
INOXLEISUR,20190829,266.95,268.95,260,265.7,58171
INOXWIND,20190829,34.35,35.15,30.8,31.5,198140
INSECTICID,20190829,610,617.4,590.3,591.8,10147
INSPIRISYS,20190829,43.65,43.65,40.55,41.8,2425
INTELLECT,20190829,212.85,217.75,211.1,212.6,167854
INTENTECH,20190829,23.6,24,22.7,23.15,17568
INVENTURE,20190829,11.6,11.6,11.15,11.15,857
IOB,20190829,10,10.05,9.9,10,278874
IOC,20190829,123.2,128.2,121.55,123.65,38895602
IOLCP,20190829,180.9,182.7,171.6,179.9,158544
IPAPPM,20190829,444.35,444.35,443,443.3,37579
IPCALAB,20190829,937.65,948.8,905,938.8,374521
IRB,20190829,78.5,81.5,78,79.55,567758
IRCON,20190829,342.9,344.6,333.4,336.35,41132
ISEC,20190829,228.95,228.95,223.45,224.75,48033
ISFT,20190829,101.55,101.55,91.95,101.55,67925
ISMTLTD,20190829,5,5,4.5,4.8,16007
ITC,20190829,243.95,245.45,240.15,241.2,11105245
ITDC,20190829,173.4,183.9,171.2,172.7,66160
ITDCEM,20190829,69.15,70.5,68.1,69.45,28807
ITI,20190829,68,74.95,68,71.75,2917972
IVC,20190829,3.75,3.85,3.55,3.75,248970
IVP,20190829,68,72,62.5,70,503
IVRCLINFRA,20190829,0.35,0.45,0.35,0.4,317075
IVZINGOLD,20190829,3549,3550,3477.05,3492,29
IVZINNIFTY,20190829,1184.6,1184.6,1184,1184,10
IZMO,20190829,25.55,27.45,25.45,27.45,9909
J&KBANK,20190829,37.9,37.9,35.7,36.8,1831915
JAGRAN,20190829,64.45,65,63.2,64.15,196949
JAGSNPHARM,20190829,23.95,23.95,23.1,23.6,1160
JAIBALAJI,20190829,16.15,16.85,15.45,16.45,38160
JAICORPLTD,20190829,74.35,75.6,72.65,73.5,704746
JAMNAAUTO,20190829,33.05,33.4,32.1,32.25,1008450
JAYAGROGN,20190829,159,165,158.05,162.65,5532
JAYBARMARU,20190829,157.15,159.8,150.3,153.35,46024
JAYNECOIND,20190829,3.9,4.15,3.9,3.9,14967
JAYSREETEA,20190829,48,50,47.15,47.55,96137
JBCHEPHARM,20190829,371,380,371,377,100352
JBFIND,20190829,7.2,7.2,7.2,7.2,4032
JBMA,20190829,147,150,145.2,147.1,5186
JCHAC,20190829,1595,1611,1561,1585.6,1718
JETAIRWAYS,20190829,41.85,41.85,41.85,41.85,128809
JHS,20190829,14.95,14.95,14.05,14.25,19382
JIKIND,20190829,0.3,0.35,0.3,0.3,4661
JINDALPHOT,20190829,14.75,16,14.75,16,119
JINDALPOLY,20190829,229.65,230.8,221,221.35,52456
JINDALSAW,20190829,65.9,67.75,65.6,67,326429
JINDALSTEL,20190829,95.8,96.45,91.1,94.05,26417279
JINDCOT,20190829,3.35,3.65,3.35,3.35,53514
JINDRILL,20190829,62.5,62.95,60.25,62.3,8503
JINDWORLD,20190829,64.5,64.5,60,62.1,97579
JISLDVREQS,20190829,15.2,15.8,15,15.5,5239
JISLJALEQS,20190829,19.95,19.95,19.4,19.55,542231
JITFINFRA,20190829,6.6,7.1,6.6,6.8,1174
JIYAECO,20190829,54.95,57.8,52.25,53.15,522563
JKCEMENT,20190829,1055,1068.9,1034.9,1054.4,15106
JKIL,20190829,123,123.7,119.25,120.4,90052
JKLAKSHMI,20190829,321,329.15,321,324.55,21152
JKPAPER,20190829,106.1,107,105.1,106.15,461934
JKTYRE,20190829,56.6,57.8,55.6,57.5,461211
JMA,20190829,24.2,24.2,21.05,22.55,4963
JMCPROJECT,20190829,117.7,117.7,112,116.05,57470
JMFINANCIL,20190829,71.6,72.25,70.6,71.45,178387
JMTAUTOLTD,20190829,1.2,1.25,1.15,1.25,61726
JOCIL,20190829,75.15,82.5,73.3,77.25,1646
JPASSOCIAT,20190829,2.05,2.2,2.05,2.15,5198231
JPINFRATEC,20190829,1,1.05,0.95,1.05,924353
JPOLYINVST,20190829,16.8,16.8,16.65,16.8,456
JPPOWER,20190829,1.45,1.55,1.45,1.55,934368
JSL,20190829,29.85,30.8,29.45,30.45,178927
JSLHISAR,20190829,62.15,63.35,60.75,61.35,114026
JSWENERGY,20190829,67.1,68,66.5,67.05,867887
JSWHL,20190829,2778,2805.95,2680,2730.35,2500
JSWSTEEL,20190829,203.8,214.55,201.75,211.95,18785875
JTEKTINDIA,20190829,77.25,78.5,75,76.2,121387
JUBILANT,20190829,416.8,430.2,412.5,428,276671
JUBLFOOD,20190829,1175,1214.9,1170.75,1201.6,934383
JUBLINDS,20190829,94.25,98,93.9,97,15138
JUMPNET,20190829,55,57.75,55,55.2,1740722
JUNIORBEES,20190829,270.9,270.99,267.5,270.63,47273
JUSTDIAL,20190829,707.05,714.8,696,699.7,2156680
JYOTHYLAB,20190829,147.6,149.45,143,143.35,122116
KABRAEXTRU,20190829,61.95,61.95,56.25,59.6,25586
KAJARIACER,20190829,470,474.35,464.35,469.95,211043
KAKATCEM,20190829,158.95,160.4,155.1,159.65,15144
KALPATPOWR,20190829,435.25,448,435.25,444.75,102551
KALYANIFRG,20190829,163,167.1,160.6,167.1,51
KAMATHOTEL,20190829,33.25,33.3,30.3,31.3,13136
KAMDHENU,20190829,87,90,86.1,88.55,3870
KANANIIND,20190829,3.4,3.7,3.15,3.6,983
KANORICHEM,20190829,41.7,41.7,40.5,40.55,8611
KANSAINER,20190829,477.45,477.45,461.15,463.6,158554
KARDA,20190829,184.9,189,181.25,184.9,96718
KARMAENG,20190829,10,10.8,10,10.65,793
KARURVYSYA,20190829,58.65,58.9,57.75,57.9,161434
KAUSHALYA,20190829,0.35,0.35,0.35,0.35,300
KAVVERITEL,20190829,2.7,2.8,2.7,2.8,1407
KAYA,20190829,354.65,364.95,332.1,350.1,12346
KCP,20190829,72.4,73.7,72.05,72.05,9817
KCPSUGIND,20190829,12.75,13.4,12.2,12.35,200999
KDDL,20190829,339.35,339.35,320,330.35,1429
KEC,20190829,242,246,230,244,818210
KECL,20190829,7.5,7.9,7.25,7.5,33283
KEI,20190829,469,474.6,464,466.55,30239
KELLTONTEC,20190829,15.9,16.1,15.4,15.6,135580
KENNAMET,20190829,990,990,962.05,970.2,1899
KERNEX,20190829,21.3,21.3,19.3,19.35,5
KESARENT,20190829,26.65,29.4,26.65,28,2568
KESORAMIND,20190829,53.6,54.35,52.1,52.4,134999
KEYFINSERV,20190829,27.35,27.35,27.35,27.35,645
KGL,20190829,0.35,0.35,0.3,0.3,3452962
KHADIM,20190829,188,188.95,181.9,185.95,38461
KHAITANELE,20190829,1.25,1.3,1.25,1.3,400
KHAITANLTD,20190829,20.95,20.95,18.65,19.95,135
KHANDSE,20190829,12.75,14,12.75,14,103
KICL,20190829,1649.9,1649.9,1581.55,1629.1,1197
KILITCH,20190829,110.9,114.3,106.1,108.4,11044
KINGFA,20190829,597,618.85,590,601.75,12706
KIOCL,20190829,130,130,124.1,126.7,13080
KIRIINDUS,20190829,401.15,402.65,383.2,388.25,63484
KIRLOSBROS,20190829,148.05,148.95,142,145.45,12977
KIRLOSENG,20190829,169.65,169.65,162,163.1,8669
KIRLOSIND,20190829,690,690,674,684.95,82
KITEX,20190829,81.9,81.9,78,79.7,48649
KKCL,20190829,1069.75,1220,1011.55,1028.85,1468
KMSUGAR,20190829,7,7.05,6.8,6.9,90352
KNRCON,20190829,217.75,219.95,206,213.2,125245
KOHINOOR,20190829,14.45,14.9,14,14,50178
KOKUYOCMLN,20190829,66.4,68.75,63.9,64.5,11955
KOLTEPATIL,20190829,227,229.4,223.1,223.75,9505
KOPRAN,20190829,28.7,29.1,27.6,28.25,14722
KOTAKBANK,20190829,1479.5,1479.5,1446.75,1450.85,3931367
KOTAKBKETF,20190829,285.87,285.87,280.8,281.58,62472
KOTAKGOLD,20190829,345.95,348.85,344.45,347.2,33798
KOTAKNIFTY,20190829,115,115,113.4,113.98,21489
KOTAKNV20,20190829,55.79,56,55.01,55.57,10007
KOTAKPSUBK,20190829,249.35,250.99,242,244.24,2331
KOTARISUG,20190829,10.2,10.5,10.05,10.15,16797
KOTHARIPET,20190829,16.65,17.15,16.2,16.6,14594
KOTHARIPRO,20190829,58,60.75,57.65,58.05,654
KPITTECH,20190829,93.5,98.2,92.5,96.1,89660
KPRMILL,20190829,559,570.05,552.55,559.9,3310
KRBL,20190829,221.8,223.8,218,219.7,33045
KREBSBIO,20190829,70.3,71.5,68,68.25,332
KRIDHANINF,20190829,9.3,9.3,8.55,8.75,103352
KSB,20190829,609.5,615,603.25,611.9,1939
KSCL,20190829,472.1,474.9,461.2,468.65,49663
KSERASERA,20190829,0.1,0.15,0.1,0.1,546176
KSK,20190829,0.6,0.65,0.6,0.6,232465
KSL,20190829,180.25,185.3,179.9,182.25,29004
KTIL,20190829,32,33,30.6,31,39914
KTKBANK,20190829,75.5,76.25,74.5,75.15,689753
KWALITY,20190829,2.45,2.45,2.35,2.45,800602
L&TFH,20190829,94.8,95.9,91.9,93,9115500
LAKSHVILAS,20190829,38.6,39.4,38.35,38.4,1832950
LALPATHLAB,20190829,1178,1196,1173,1190.5,24098
LAMBODHARA,20190829,29.15,29.7,28.35,28.35,6515
LAOPALA,20190829,174.6,187.9,167.35,178.95,163420
LASA,20190829,11.3,11.9,11.1,11.4,14721
LAURUSLABS,20190829,328.65,330.4,327,329.05,6658
LAXMIMACH,20190829,3763.3,3763.3,3685.6,3703.45,843
LEMONTREE,20190829,57.6,57.6,50.3,52.9,53739691
LFIC,20190829,55,56.85,54.05,54.05,222
LGBBROSLTD,20190829,344,344,335.05,341.45,4297
LGBFORGE,20190829,2.5,2.7,2.5,2.7,3203
LIBAS,20190829,52.35,52.35,52.35,52.35,500
LIBERTSHOE,20190829,85,85,83,83.45,23088
LICHSGFIN,20190829,415,418.4,405.6,414.45,2787055
LICNETFGSC,20190829,20.08,20.08,19.65,19.65,5072
LICNETFN50,20190829,116.15,116.15,116.15,116.15,10
LICNFNHGP,20190829,114,114.2,114,114.2,1314
LINCOLN,20190829,129.5,136.7,124.35,133.9,82719
LINCPEN,20190829,197.5,199,197.5,198.9,22
LINDEINDIA,20190829,510,510,491.6,495.25,14001
LIQUIDBEES,20190829,999.99,1000.01,999.8,999.99,1230839
LIQUIDETF,20190829,1000,1000,999.99,1000,11099
LOKESHMACH,20190829,35,41.8,34.1,36.6,22757
LOTUSEYE,20190829,20,21.45,19,21.15,6294
LOVABLE,20190829,61.8,62.8,61.1,61.55,2937
LPDC,20190829,1.9,1.9,1.9,1.9,899
LSIL,20190829,0.45,0.5,0.4,0.5,1363834
LT,20190829,1339.9,1355,1332.25,1342.45,2421312
LTI,20190829,1640,1654.85,1625,1631.5,24418
LTTS,20190829,1591.05,1615,1588,1601.3,48202
LUMAXIND,20190829,1268,1320,1268,1298.8,1346
LUMAXTECH,20190829,87.4,87.4,82.15,83.25,12763
LUPIN,20190829,739,740.45,728.55,735.05,775980
LUXIND,20190829,1060.3,1075,1035.15,1066.85,66233
LYKALABS,20190829,15.8,15.9,15.3,15.4,3132
LYPSAGEMS,20190829,3.85,4,3.8,3.8,13448
M&M,20190829,536,544.2,524.25,528,4399017
M&MFIN,20190829,318.9,321.7,311.15,315.25,1091282
M100,20190829,16.44,16.44,16.16,16.27,26726
M50,20190829,107.51,107.51,106.31,106.37,984
MAANALU,20190829,71,71,67.5,67.65,3153
MADHAV,20190829,26.9,28.9,25.1,26.95,2388
MADHUCON,20190829,5,5,4.75,4.75,31684
MADRASFERT,20190829,20,20.25,19.35,19.65,146973
MAGADSUGAR,20190829,94.7,94.7,88.2,89.7,17800
MAGMA,20190829,68.45,68.5,66.1,66.95,10234
MAGNUM,20190829,3,3.2,3,3.2,1039
MAHABANK,20190829,11.6,12,11.6,11.75,243893
MAHAPEXLTD,20190829,67.75,74.85,67.75,74.85,525
MAHASTEEL,20190829,107.35,111.95,107.35,110.95,6027
MAHESHWARI,20190829,257.7,257.7,246.25,249.5,17938
MAHINDCIE,20190829,159,160.65,145.05,153,247474
MAHLIFE,20190829,370,377,367.2,368.85,11070
MAHLOG,20190829,342.9,344.25,336.25,339.75,64827
MAHSCOOTER,20190829,3972.55,3972.65,3840,3865.35,4152
MAHSEAMLES,20190829,374,400,371,373.3,25830
MAITHANALL,20190829,453.8,453.8,425,429.45,11018
MAJESCO,20190829,421.15,425,417,417.3,14283
MALUPAPER,20190829,19.05,21.5,19.05,19.65,20627
MAN50ETF,20190829,111,111.5,110.6,110.7,63352
MANAKALUCO,20190829,4.25,4.55,4.25,4.3,5474
MANAKCOAT,20190829,4,4,3.9,3.9,19
MANAKSIA,20190829,29.8,30.65,29.8,30.35,4017
MANAKSTEEL,20190829,11.55,11.85,11.1,11.35,6121
MANALIPETC,20190829,17.75,17.9,17.2,17.25,62243
MANAPPURAM,20190829,120.55,122.95,119.1,122.35,2576148
MANGALAM,20190829,31.85,31.85,29.05,30.4,24057
MANGCHEFER,20190829,31,31.45,30.15,30.45,9929
MANGLMCEM,20190829,265,265,255,255.75,125909
MANGTIMBER,20190829,7.3,7.4,7.15,7.15,950
MANINDS,20190829,41.45,41.8,40.5,41.15,17119
MANINFRA,20190829,21.1,21.25,20.8,21.05,34079
MANPASAND,20190829,15.25,15.95,15.1,15.1,249404
MANUGRAPH,20190829,13.05,13.25,12.85,13.2,1434
MARALOVER,20190829,17.15,17.15,15.4,16.35,651
MARATHON,20190829,65.05,65.95,62,65.7,3032
MARICO,20190829,390.35,391.55,384.2,388.8,1643520
MARKSANS,20190829,13.75,14.1,13.6,13.65,270257
MARUTI,20190829,6103.4,6198,6065,6110.2,1006756
MASFIN,20190829,583.2,599.75,582,586.2,3289
MASTEK,20190829,341,341.1,332,335.45,13258
MATRIMONY,20190829,533.15,540.35,507.6,539.9,1802
MAWANASUG,20190829,30.45,30.95,29.55,29.65,173646
MAXINDIA,20190829,59,62,58,59.9,145566
MAXVIL,20190829,44.95,45.5,43.05,43.95,28526
MAYURUNIQ,20190829,213.1,220.75,212,214.9,10691
MAZDA,20190829,345,364.95,332.6,338.55,590
MBAPL,20190829,89.6,89.6,75,75.2,1487
MBECL,20190829,5.05,5.1,4.75,5,2281
MBLINFRA,20190829,6.3,6.8,6.3,6.3,20896
MCDHOLDING,20190829,18.5,19,17.3,18.05,20635
MCDOWELL-N,20190829,605,618.7,602,613.55,3203753
MCLEODRUSS,20190829,12.3,12.3,11.7,12.25,81588
MCX,20190829,937.45,958.4,931.2,941.35,681322
MEGASOFT,20190829,6.05,6.6,6.05,6.55,24631
MEGH,20190829,46.2,46.2,45,45.2,171754
MENONBE,20190829,63.9,63.9,59.1,60.9,4685
MEP,20190829,27,29.35,25.5,28.6,761860
MERCATOR,20190829,1.35,1.35,1.35,1.35,66267
METALFORGE,20190829,5.2,5.5,5.15,5.15,2643
METROPOLIS,20190829,1070,1090,1041.2,1071.9,13731
MFSL,20190829,432.3,432.3,422.6,426.95,634887
MGL,20190829,848,852.45,840.35,846.25,569059
MHRIL,20190829,216,217.05,213.05,215.5,16292
MIC,20190829,0.75,0.85,0.75,0.75,22212
MIDHANI,20190829,118.3,119.5,114.3,115.65,93734
MINDACORP,20190829,91,105.6,87.05,99.6,827593
MINDAIND,20190829,336,340,324.8,330.35,105748
MINDTECK,20190829,30.95,31,30.2,30.65,3303
MINDTREE,20190829,681,691.8,671,687.55,655855
MIRCELECTR,20190829,12.15,12.9,11.75,12.55,782580
MIRZAINT,20190829,53.1,53.85,53,53.05,82494
MMFL,20190829,355.8,365,355,360.4,3808
MMTC,20190829,19.2,21.35,19,20.7,3654874
MOHITIND,20190829,5.5,5.5,4.75,5,2450
MOHOTAIND,20190829,12.5,13.5,12.5,12.6,3172
MOIL,20190829,124.05,129.6,121.65,126.85,180299
MOLDTECH,20190829,49.65,50,48.65,49.85,2030
MOLDTKPAC,20190829,295,304.65,294,297.25,29022
MONSANTO,20190829,2035,2069.95,2016.95,2049.05,966
MONTECARLO,20190829,240.5,245,236.95,241.1,8875
MORARJEE,20190829,11.1,12,11.1,11.85,7415
MOREPENLAB,20190829,15.75,16.15,15.55,15.6,236146
MOTHERSUMI,20190829,96.65,98.75,94.95,96.95,4613882
MOTILALOFS,20190829,595,595,563,577.6,24465
MOTOGENFIN,20190829,38.2,38.2,38.2,38.2,6
MPHASIS,20190829,978,978,961.55,968,101768
MPSLTD,20190829,488.35,494.15,460,465,3764
MRF,20190829,57950,57988,57188.05,57545.65,2946
MRO-TEK,20190829,17.25,18,17.25,18,7109
MRPL,20190829,47.2,47.2,45.65,46.05,238600
MSPL,20190829,5.1,5.3,4.75,5.1,3354
MSTCLTD,20190829,97,100,82.15,84.5,790675
MTEDUCARE,20190829,29.1,29.1,29.1,29.1,2014
MTNL,20190829,5.35,5.45,5.2,5.35,480312
MUKANDENGG,20190829,12,12,10.75,11.4,3046
MUKANDLTD,20190829,35,36.7,34.65,34.65,8540
MUKTAARTS,20190829,38.1,38.45,36.15,36.75,3798
MUNJALAU,20190829,35,35,34,34.25,28864
MUNJALSHOW,20190829,122.85,123.7,119,120.8,4408
MURUDCERA,20190829,14.15,14.15,13.25,13.65,16048
MUTHOOTCAP,20190829,507,516,505,512.6,2883
MUTHOOTFIN,20190829,613.05,619.65,593,615.85,1561677
MVL,20190829,0.1,0.15,0.1,0.15,578204
N100,20190829,538,546.7,530,544.26,7230
NACLIND,20190829,27,27,26.5,26.6,11513
NAGAFERT,20190829,3.9,3.9,3.55,3.75,138078
NAGAROIL,20190829,0.25,0.25,0.2,0.25,194092
NAGREEKCAP,20190829,6.9,7,6.25,6.3,3705
NAGREEKEXP,20190829,13.8,13.8,12.7,13.1,343
NAHARCAP,20190829,66.05,66.5,63.55,66.5,3985
NAHARINDUS,20190829,24,24.5,23.1,24,1056
NAHARPOLY,20190829,32.5,33.9,31.65,32.5,5028
NAHARSPING,20190829,51.85,51.85,49.5,49.6,5598
NATCOPHARM,20190829,542,544.95,535.1,540.4,65234
NATHBIOGEN,20190829,350,357.9,345.2,347.4,4405
NATIONALUM,20190829,39.8,40.35,38.95,40.15,4405129
NATNLSTEEL,20190829,1.9,1.9,1.85,1.85,521
NAUKRI,20190829,1999.6,2040,1981,2002.4,77587
NAVINFLUOR,20190829,711,732.55,702.15,715.3,47906
NAVKARCORP,20190829,25.8,31.25,24.9,31.25,1036957
NAVNETEDUL,20190829,102,102,99,99.45,10680
NBCC,20190829,35.2,37.15,34.8,36.65,28384443
NBIFIN,20190829,1450,1458.5,1430.65,1458.05,1213
NBVENTURES,20190829,81.55,82.7,80,80.95,76134
NCC,20190829,59,59.2,54.85,56.1,11109258
NCLIND,20190829,111.7,111.7,107.7,108.9,28381
NDGL,20190829,600,600,530,531,99
NDL,20190829,30,30,27.25,27.55,13699
NDTV,20190829,33.1,33.65,32.6,33.05,5639
NECCLTD,20190829,5.4,5.6,5.3,5.35,8787
NECLIFE,20190829,13.2,13.3,12.75,12.85,85058
NELCAST,20190829,42.2,42.2,39.05,39.8,75813
NELCO,20190829,221,221,212.3,214.5,15188
NEOGEN,20190829,315.6,320.05,307.1,310.25,8160
NESCO,20190829,524,529,524,525.35,6097
NESTLEIND,20190829,12643,12890,12610,12716.85,243927
NETF,20190829,111.32,111.32,110.37,110.37,23
NETWORK18,20190829,22.75,22.75,21.45,21.8,565842
NEULANDLAB,20190829,461.5,471.85,446,451.95,6001
NEWGEN,20190829,285,290,283.05,284.85,3230
NEXTMEDIA,20190829,13.65,13.65,12.85,13.25,8062
NFL,20190829,26.25,26.95,26.25,26.5,158490
NH,20190829,230.55,235,230.55,233.4,7210
NHPC,20190829,23.1,23.3,22.95,22.95,375285
NIACL,20190829,106.3,109.9,104.2,106.55,27177
NIBL,20190829,6.15,6.15,5.9,6,1520
NIFTYBEES,20190829,1170,1172,1150,1161.18,67995
NIITLTD,20190829,92.7,92.7,90.9,91.1,199647
NIITTECH,20190829,1525,1530,1471.4,1519.2,1004644
NILAINFRA,20190829,4.5,4.55,3.95,4.2,242482
NILASPACES,20190829,1.3,1.3,1.25,1.25,73207
NILKAMAL,20190829,992,992,971,980.85,27481
NIPPOBATRY,20190829,450.05,470,444.8,464.15,1548
NITCO,20190829,24.4,24.4,22.15,23.45,165804
NITESHEST,20190829,1.75,1.8,1.7,1.7,54505
NITINFIRE,20190829,0.9,0.9,0.8,0.8,235594
NITINSPIN,20190829,50,51.4,48.15,49.85,46642
NKIND,20190829,33.85,33.85,33.85,33.85,2204
NLCINDIA,20190829,54.65,55.15,49.05,51.25,3452927
NMDC,20190829,80.5,81.4,77.15,79.55,5232449
NOCIL,20190829,90.55,90.7,87.1,87.8,393592
NOIDATOLL,20190829,3.35,3.8,3.05,3.75,216584
NRAIL,20190829,206.25,222.95,204.4,215.7,14236
NRBBEARING,20190829,97.4,97.4,92.1,93,35253
NSIL,20190829,914.15,931.1,914.15,914.35,254
NTPC,20190829,118.75,124.15,117.9,123.1,38336134
NUCLEUS,20190829,326.05,330,322.7,327.9,5401
OAL,20190829,180.65,189.95,180.65,181.55,1327
OBEROIRLTY,20190829,542.65,557,533.1,549.5,1110860
OCCL,20190829,1024,1049,1007.15,1025.3,2599
OFSS,20190829,3007,3050,2949.95,2990.9,27729
OIL,20190829,144,150.45,142.7,146.7,4881967
OILCOUNTUB,20190829,7.8,7.8,7,7.35,13261
OISL,20190829,5.7,5.95,5.6,5.95,51060
OLECTRA,20190829,172.8,172.8,165.25,167.95,29487
OMAXAUTO,20190829,38,39.4,36.65,37.35,23958
OMAXE,20190829,194.45,196.25,190,193.35,247678
OMKARCHEM,20190829,6.65,6.75,6.5,6.75,24362
OMMETALS,20190829,14.8,15.05,14.15,14.35,13342
ONELIFECAP,20190829,5.9,5.9,5.9,5.9,1
ONEPOINT,20190829,15.9,16.95,15.9,16,867
ONGC,20190829,120,124.25,119.5,123.25,30777971
ONMOBILE,20190829,30.2,31.25,29.6,29.9,89150
ONWARDTEC,20190829,61.55,61.6,58.3,58.6,3066
OPTIEMUS,20190829,40.5,43.85,40.5,42.45,177773
OPTOCIRCUI,20190829,3.5,3.5,3.4,3.4,179946
ORBTEXP,20190829,112.95,112.95,108.25,110,1238
ORICONENT,20190829,20.7,20.7,19.3,19.5,14318
ORIENTABRA,20190829,17.5,17.75,16.5,16.75,9349
ORIENTALTL,20190829,13.05,13.4,12.95,13,70161
ORIENTBANK,20190829,67.95,70,66.2,67.8,650700
ORIENTBELL,20190829,125.25,127.8,124,125.45,1391
ORIENTCEM,20190829,83.8,83.8,80.2,80.6,108053
ORIENTELEC,20190829,150.55,155.8,150.55,153.75,513471
ORIENTHOT,20190829,37.75,37.75,37.1,37.5,7747
ORIENTLTD,20190829,111,111,111,111,4
ORIENTPPR,20190829,24.95,24.95,24.1,24.35,113652
ORIENTREF,20190829,200.8,204.4,195.25,200,23578
ORISSAMINE,20190829,575.05,600,565.45,582.9,11932
ORTEL,20190829,1,1,0.95,1,16899
ORTINLABSS,20190829,8.9,8.9,8.5,8.85,3049
OSWALAGRO,20190829,6.8,7.1,6.4,6.75,55536
PAGEIND,20190829,18100,18179,17751,17828.3,11878
PAISALO,20190829,368,368,354,357.6,14649
PALASHSECU,20190829,37.75,39.9,37.3,38.9,1352
PALREDTEC,20190829,18.15,19.35,18.15,18.5,578
PANACEABIO,20190829,130,134.15,128.5,130.7,7168
PANAMAPET,20190829,70.45,74.55,67,70.1,53519
PAPERPROD,20190829,220.5,223.95,220,220.65,3297
PARABDRUGS,20190829,0.6,0.65,0.55,0.55,8953
PARACABLES,20190829,9.85,9.85,9.05,9.05,49145
PARAGMILK,20190829,139.3,140.3,136.25,138.95,218459
PARSVNATH,20190829,3.45,3.45,3.2,3.2,148819
PATELENG,20190829,10.5,10.5,9.45,9.6,470095
PATINTLOG,20190829,20.1,21.75,20,20,7494
PATSPINLTD,20190829,5.8,6.2,5.35,5.8,1260
PCJEWELLER,20190829,35.15,35.15,32.3,33.35,6744284
PDMJEPAPER,20190829,11.85,11.85,11.3,11.45,31566
PDPL,20190829,2.9,3.15,2.9,3.15,2273
PDSMFL,20190829,325,325,319,320.2,422
PEARLPOLY,20190829,9,9.15,9,9.15,20098
PEL,20190829,1875,1999.75,1835,1981.6,1898896
PENIND,20190829,26.8,26.8,25.9,26.25,34311
PENINLAND,20190829,4.75,4.9,4.65,4.7,174283
PERSISTENT,20190829,548.95,548.95,531.1,534.3,11688
PETRONET,20190829,259.45,264.4,258.75,262.65,1916430
PFC,20190829,102.75,103.05,98.7,100.95,17915342
PFIZER,20190829,2915,2918.85,2876,2899.6,7249
PFOCUS,20190829,36.3,36.6,34.25,36.15,14995
PFS,20190829,12.1,12.3,11.95,12.15,251110
PGEL,20190829,47,48.2,45.55,46.2,17755
PGHH,20190829,10175,10200,9965,10108.15,2071
PGHL,20190829,4367,4367,4186.7,4215.1,10294
PGIL,20190829,127,131.95,126,128,74
PHILIPCARB,20190829,114.6,115.8,110.5,111.75,296685
PHOENIXLTD,20190829,694.8,694.8,678.8,685.25,76870
PIDILITIND,20190829,1372.95,1385,1358.35,1374.15,400836
PIIND,20190829,1120.5,1123.7,1091.35,1100.25,68701
PILANIINVS,20190829,1932,1932,1830,1853.6,2460
PILITA,20190829,6,6.05,5.6,5.65,109908
PIONDIST,20190829,108.35,113.9,107.15,108.25,4316
PIONEEREMB,20190829,21.85,23,21.85,22.35,9258
PIRPHYTO,20190829,23.55,25.3,23.55,25.3,2048
PITTIENG,20190829,37.5,38.6,36.1,36.8,18465
PKTEA,20190829,115.45,115.45,105.7,105.7,42
PLASTIBLEN,20190829,183,184.95,180.55,184,1752
PNB,20190829,65.55,66.15,63.75,65.05,14663681
PNBGILTS,20190829,33.2,33.65,32.4,32.8,57682
PNBHOUSING,20190829,646,654.9,640,647.85,51228
PNC,20190829,15.25,15.25,14,15,418
PNCINFRA,20190829,182,182,174.7,176.65,165319
PODDARHOUS,20190829,280.2,280.35,260,265,1222
PODDARMENT,20190829,159.35,160,149.1,150.5,2642
POKARNA,20190829,127,128.8,125,126.5,13711
POLYCAB,20190829,577.35,595.65,577.35,593.65,116881
POLYMED,20190829,190.65,197,184.25,190,8554
POLYPLEX,20190829,443.9,447.8,437,439.5,55686
PONNIERODE,20190829,111.75,111.75,99,100.95,1999
POWERGRID,20190829,205.75,206.8,203.65,204.8,4871802
POWERMECH,20190829,705,714.95,688.55,695.45,8062
PPAP,20190829,175.15,179.8,173.35,174.3,2517
PPL,20190829,64.4,64.4,63.1,64.05,101416
PRABHAT,20190829,60.15,60.15,56.75,58.45,15118
PRAENG,20190829,7,7.5,7,7.5,11575
PRAJIND,20190829,103.5,106.5,103.1,103.75,640222
PRAKASH,20190829,40.9,42.3,40.05,40.5,246909
PRAKASHSTL,20190829,0.2,0.2,0.2,0.2,7706
PRAXIS,20190829,62.5,62.5,57.75,59.5,2987
PRECAM,20190829,39,39.55,38,39,8311
PRECOT,20190829,28,28,27,27.75,928
PRECWIRE,20190829,159.95,159.95,152.15,153.5,1847
PREMEXPLN,20190829,164.1,165,160,161.95,7617
PREMIER,20190829,2.65,2.65,2.55,2.55,828
PREMIERPOL,20190829,20.15,23.15,19.75,23.1,290
PRESSMN,20190829,19.4,20.25,19.15,19.3,3480
PRESTIGE,20190829,296.25,299.15,289.1,294.2,294011
PRICOLLTD,20190829,28.25,28.25,25.5,27.3,63482
PRIMESECU,20190829,35.6,35.65,34.2,35,14220
PROSEED,20190829,0.3,0.35,0.3,0.3,32698
PROVOGE,20190829,0.65,0.75,0.65,0.75,20310
PROZONINTU,20190829,16.2,17.3,16.2,16.55,5593
PRSMJOHNSN,20190829,88.5,89.5,87.35,88.2,127031
PSB,20190829,19.6,20.25,19.6,20.15,16512
PSL,20190829,0.65,0.75,0.65,0.7,8270
PSPPROJECT,20190829,490.05,505.75,490.05,499.35,27516
PSUBNKBEES,20190829,276,276.6,268.95,270.45,2092
PTC,20190829,57.55,57.6,55.8,56,686977
PTL,20190829,34.15,34.25,33.15,33.65,16874
PUNJABCHEM,20190829,540,549,535,535,856
PUNJLLOYD,20190829,1.35,1.35,1.25,1.3,226769
PURVA,20190829,61.55,61.9,59.2,60.05,81351
PVR,20190829,1574.6,1580.15,1525.25,1537.75,577563
QGOLDHALF,20190829,1705.15,1716.9,1701.3,1704,1398
QNIFTY,20190829,1125,1125,1125,1125,15
QUESS,20190829,464.9,467.4,459.35,462.7,46196
QUICKHEAL,20190829,117,117.5,112.35,113.45,70326
QUINTEGRA,20190829,0.45,0.45,0.4,0.45,12616
RADAAN,20190829,1.4,1.65,1.35,1.5,6412
RADICO,20190829,304.75,308,292.35,302.9,490992
RADIOCITY,20190829,36,36.9,34.5,36.5,34020
RAIN,20190829,80,80.65,78.1,79,325644
RAJESHEXPO,20190829,697.95,710,693,702.15,118964
RAJSREESUG,20190829,18.3,18.3,16.7,17.25,3009
RALLIS,20190829,156.1,157,153.6,154.1,38005
RAMANEWS,20190829,13.5,14,13.4,13.75,4545
RAMASTEEL,20190829,57.85,57.9,52.5,53.3,624
RAMCOCEM,20190829,750,752,735.05,743.3,236253
RAMCOIND,20190829,163.65,164.8,162.35,163.8,4041
RAMCOSYS,20190829,181.95,184,176.5,181,15833
RAMKY,20190829,58.45,68.75,57.4,63.95,284817
RANASUG,20190829,2.25,2.3,2.2,2.2,302654
RANEENGINE,20190829,250.3,268.45,250.3,254.55,550
RANEHOLDIN,20190829,958,974.9,951.3,966.85,751
RATNAMANI,20190829,910,929.95,904.85,927.15,3602
RAYMOND,20190829,572.25,576.8,546.45,559.55,1233800
RBL,20190829,525,539.75,506.3,514.8,24240
RBLBANK,20190829,313,332.4,298.4,319.2,35720452
RCF,20190829,42,42.45,40.35,40.7,1467218
RCOM,20190829,0.9,0.95,0.9,0.9,10049189
RECLTD,20190829,139.85,140.4,136.75,138.8,2391404
REDINGTON,20190829,106,110.45,103.8,109.9,1725837
REFEX,20190829,58.95,64.7,58.95,59.15,167608
REGENCERAM,20190829,1.95,1.95,1.85,1.85,8921
RELAXO,20190829,439.55,455.9,439.55,453.65,124898
RELCAPITAL,20190829,34.1,34.9,32.35,34.3,16415503
RELCNX100,20190829,114,115.03,113.08,114.8,77
RELCONS,20190829,49.38,49.63,49.2,49.48,370
RELDIVOPP,20190829,28.37,28.58,28.37,28.39,192
RELIANCE,20190829,1256.45,1260.25,1235.3,1241.75,8635974
RELIGARE,20190829,27.5,28.9,27.5,28.9,106793
RELINFRA,20190829,37.15,38.05,34.9,36.3,18217908
RELNV20,20190829,551,556.28,548.6,550.59,313
REMSONSIND,20190829,87.25,92.8,85.6,88.55,6281
RENUKA,20190829,6.9,7.2,6.5,6.55,1426778
REPCOHOME,20190829,318,318,308.1,310,133402
REPRO,20190829,551.05,558.05,542.05,550,6199
RESPONIND,20190829,93.15,94,91.6,92.45,155724
RETFMID150,20190829,56.9,57,56.57,56.91,95267
REVATHI,20190829,326.15,348,316.4,330,182
RGL,20190829,252,255,245,246.55,2056
RHFL,20190829,5.7,6,5.55,5.65,974249
RICOAUTO,20190829,37,37.5,35.55,36.4,84853
RIIL,20190829,249,250.75,241.5,243.25,141396
RITES,20190829,227.75,227.75,220.2,221.85,192236
RKDL,20190829,6.4,6.95,6.4,6.5,3589
RKFORGE,20190829,317,317,301.6,302.65,8126
RMCL,20190829,3.4,3.55,3.35,3.35,33329
RML,20190829,270,276.75,257.2,260.35,13116
RNAM,20190829,276.9,284,267.15,271,665321
RNAVAL,20190829,1.25,1.25,1.25,1.25,148357
ROHITFERRO,20190829,0.85,0.85,0.85,0.85,1117
ROHLTD,20190829,66.75,66.95,62,64.75,16849
ROLLT,20190829,2.2,2.2,2.1,2.2,862
ROLTA,20190829,6.05,6.6,6.05,6.1,122600
ROSSELLIND,20190829,50.35,51.95,49,50.05,344
RPGLIFE,20190829,168.05,169.5,162.1,164,9845
RPOWER,20190829,3.05,3.1,2.9,2.95,8206636
RPPINFRA,20190829,70.1,76.7,67.4,73.45,33822
RRSLGETF,20190829,20.04,20.05,20,20,10288
RSSOFTWARE,20190829,18.85,18.9,18.55,18.65,10171
RSWM,20190829,105.35,114,105.35,109.2,38178
RSYSTEMS,20190829,39.15,41,39.1,39.9,794
RTNINFRA,20190829,1.3,1.4,1.3,1.35,104982
RTNPOWER,20190829,1,1.1,1,1.05,668099
RUBYMILLS,20190829,185,191.7,177.6,181.35,76804
RUCHINFRA,20190829,2.1,2.1,1.95,2.1,1914
RUCHIRA,20190829,72.3,74.45,70,71.1,28806
RUCHISOYA,20190829,4.85,4.95,4.8,4.9,753477
RUPA,20190829,183.85,183.85,172,173.35,11789
RUSHIL,20190829,151.95,160,151.95,156.95,757
RVNL,20190829,24.7,25.05,24.2,24.3,2489645
SABTN,20190829,1.4,1.4,1.4,1.4,23018
SADBHAV,20190829,133,133,127.85,132.05,113849
SADBHIN,20190829,47.95,49.5,46,47.2,2612
SAGCEM,20190829,589.9,589.9,566.45,577.2,584
SAIL,20190829,30.95,31.75,30,31.3,38023372
SAKAR,20190829,49.5,49.5,49,49,10002
SAKHTISUG,20190829,8.45,8.5,7.65,7.8,76351
SAKSOFT,20190829,255.95,260,253,254.55,2685
SAKUMA,20190829,8.1,8.1,8.1,8.1,223757
SALASAR,20190829,118.6,128.6,117.6,124.15,19754
SALONA,20190829,68.1,77,68.05,76,225
SALSTEEL,20190829,2.6,2.65,2.5,2.5,988
SALZERELEC,20190829,114.7,114.75,109,110.75,3051
SAMBHAAV,20190829,3.15,3.15,2.85,2.9,19892
SANCO,20190829,17.6,17.95,17.3,17.7,148192
SANDESH,20190829,565.7,565.7,548,550.65,254
SANDHAR,20190829,241.95,249,236,244.8,2825
SANGAMIND,20190829,37.65,37.7,32.4,33.6,33361
SANGHIIND,20190829,47.75,48.55,47.3,47.75,16731
SANGHVIFOR,20190829,26,28.7,26,28.2,5790
SANGHVIMOV,20190829,89.8,91,88.1,89.1,8683
SANGINITA,20190829,77.8,81.7,74.5,80.45,66449
SANOFI,20190829,5975,6029.95,5926.8,5961.6,2388
SANWARIA,20190829,3.3,3.3,3.15,3.15,2206871
SARDAEN,20190829,150.95,153.35,143.1,150,324817
SAREGAMA,20190829,336.2,349.9,325,332.65,13183
SARLAPOLY,20190829,24.3,24.95,24.15,24.5,37746
SASKEN,20190829,509.05,511.6,501.05,505.55,2064
SASTASUNDR,20190829,102,110,98.05,102.3,84965
SATHAISPAT,20190829,9.45,9.45,9.45,9.45,24411
SATIA,20190829,650,675,630,637.65,2139
SATIN,20190829,271,272.9,262.15,269.7,16144
SBIETFQLTY,20190829,94,95.9,92.64,93.44,1717
SBILIFE,20190829,827.8,839.8,822.3,835.1,338992
SBIN,20190829,283.2,284.3,273.3,274.5,27083514
SCAPDVR,20190829,0.5,0.55,0.5,0.5,12253
SCHAEFFLER,20190829,4032,4113.25,4005,4022.1,3428
SCHAND,20190829,66.6,69.7,63.25,65.3,66640
SCHNEIDER,20190829,77.9,78.45,75,75.6,32723
SCI,20190829,27.3,28.4,27.2,27.65,462377
SDBL,20190829,127,127,120.1,121.1,2819
SEAMECLTD,20190829,325.5,328,319.6,324.4,2664
SELAN,20190829,134.4,140.8,134.4,135.9,16036
SELMCL,20190829,0.5,0.6,0.5,0.55,43549
SEPOWER,20190829,2.75,2.75,2.6,2.7,4520
SEQUENT,20190829,76.45,80.45,75.55,77.8,644194
SESHAPAPER,20190829,176.05,179.6,175,176,5140
SETCO,20190829,14.65,14.9,14.5,14.6,38238
SETF10GILT,20190829,192,214.5,185.73,191.99,616
SETFGOLD,20190829,3485.15,3514,3485.15,3490.15,3194
SETFNIF50,20190829,115.5,115.5,112.6,112.91,49049
SETFNIFBK,20190829,281,281.13,276.5,277.41,11507
SETFNN50,20190829,267.92,269.99,265.99,268.01,2706
SETUINFRA,20190829,1.25,1.25,1.25,1.25,6470
SEYAIND,20190829,391,399,385,388.75,11033
SFL,20190829,1249,1270,1204.75,1241.05,7275
SGL,20190829,9.05,9.45,8.6,8.6,8249
SHAHALLOYS,20190829,8.35,8.45,8.2,8.2,470
SHAKTIPUMP,20190829,280.2,283.65,271.95,275.15,10058
SHALBY,20190829,80.9,81.95,79.4,80.95,22391
SHALPAINTS,20190829,73.3,73.35,69.7,70.5,88657
SHANKARA,20190829,264,273.35,259.05,264.5,15165
SHANTIGEAR,20190829,93.4,93.4,89,90.5,5759
SHARDACROP,20190829,280.3,289.9,275,284.1,8538
SHARDAMOTR,20190829,937.6,957.75,905.7,921.7,1454
SHARIABEES,20190829,250,250,247.51,247.51,3
SHEMAROO,20190829,252.05,265,244.2,245.5,5285
SHILPAMED,20190829,222,224.55,208.1,210,46239
SHIRPUR-G,20190829,15,15,14.15,14.2,27072
SHIVAMAUTO,20190829,19.05,19.75,18,18.6,20445
SHIVAMILLS,20190829,35.75,35.75,33,33.2,153
SHIVATEX,20190829,102.5,106.5,96,102.9,90
SHK,20190829,129.95,133.9,127.05,130.05,29872
SHOPERSTOP,20190829,399.9,402.8,390.85,395.55,3798
SHREDIGCEM,20190829,15.7,15.85,15.3,15.4,63479
SHREECEM,20190829,19110.2,19210.95,18400,18520,38054
SHREEPUSHK,20190829,93.55,93.55,88.05,90.95,10626
SHREERAMA,20190829,4.5,4.7,4.35,4.45,718
SHRENIK,20190829,42.5,42.55,40,41.6,135662
SHREYANIND,20190829,122.45,123.8,117.1,119.6,26116
SHREYAS,20190829,91,94.8,87.1,87.7,3857
SHRIPISTON,20190829,779,813,770,790.4,198
SHRIRAMCIT,20190829,1352,1383.95,1335.05,1347.7,23774
SHRIRAMEPC,20190829,10.4,10.55,9.85,9.95,169129
SHYAMCENT,20190829,2.75,2.95,2.55,2.95,38503
SICAGEN,20190829,18.7,20.5,18.65,19.6,19674
SICAL,20190829,27.9,28.9,26.2,28.5,126763
SIEMENS,20190829,1173.9,1192.1,1161,1175.95,200472
SIGIND,20190829,21.75,21.8,20.45,20.6,5452
SIL,20190829,12.4,12.45,12.4,12.4,3054
SILINV,20190829,152,152.3,146,150.1,1433
SIMBHALS,20190829,6.5,6.5,5.9,6.15,17787
SIMPLEXINF,20190829,47.4,49.9,44.2,45.4,89303
SINTEX,20190829,2,2,1.95,2,1196734
SIRCA,20190829,187.8,187.8,183,184.4,734
SIS,20190829,762.6,765,750,753.35,73795
SITASHREE,20190829,0.3,0.35,0.3,0.35,2316
SITINET,20190829,2,2,1.9,1.9,40887
SIYSIL,20190829,214.95,214.95,209.95,210.1,9336
SJVN,20190829,24.1,24.4,23.75,24,9371784
SKFINDIA,20190829,1840.3,1867.85,1820,1848.3,2279
SKIL,20190829,6.45,6.45,6.05,6.2,22635
SKIPPER,20190829,50.4,52.35,46.8,50.75,53805
SKMEGGPROD,20190829,34,36,32.8,35.45,21790
SMARTLINK,20190829,77,79.9,76,79,622
SMLISUZU,20190829,629.9,629.9,600.1,605.9,3925
SMPL,20190829,0.25,0.3,0.25,0.25,3029
SMSLIFE,20190829,383.9,388,375.5,382.5,3496
SMSPHARMA,20190829,49.8,49.8,45.1,46.35,10991
SNOWMAN,20190829,28.5,29.2,28.3,28.55,93524
SOBHA,20190829,523.1,541.5,515.9,537.75,222632
SOLARA,20190829,434.2,444,430,440.85,12485
SOLARINDS,20190829,1149.45,1174,1103.15,1109.45,15349
SOMANYCERA,20190829,288.85,295.25,286.35,289.8,28135
SOMATEX,20190829,3.4,3.4,3.1,3.4,41
SOMICONVEY,20190829,12.15,13,11.75,11.85,8048
SONATSOFTW,20190829,317,319.7,314,315.1,33737
SORILINFRA,20190829,87.6,87.6,84.55,84.75,23074
SOTL,20190829,895,900,889.5,895.05,849
SOUTHBANK,20190829,11.25,11.25,10.9,11,2354708
SOUTHWEST,20190829,15.75,15.75,14.5,14.9,34266
SPAL,20190829,189.95,193.2,184,191.75,4305
SPANDANA,20190829,880,897,862.25,891,42449
SPARC,20190829,152.8,157.2,151,153.35,3252499
SPCENET,20190829,0.6,0.7,0.6,0.65,2528
SPECIALITY,20190829,62.5,62.5,59.55,60.5,22297
SPENCERS,20190829,75.7,75.7,73.2,74.45,31344
SPENTEX,20190829,0.25,0.25,0.15,0.2,56101
SPIC,20190829,17.5,18.5,17.3,18.15,38178
SPICEJET,20190829,128.7,129.8,126.55,127.95,737478
SPLIL,20190829,32.65,32.75,31.55,32.25,19628
SPMLINFRA,20190829,13.9,14.05,13.4,13.65,49692
SPTL,20190829,3.65,3.65,3.65,3.65,167361
SPYL,20190829,0.25,0.25,0.2,0.2,13325
SREEL,20190829,165.2,169.75,163,168.95,670
SREINFRA,20190829,10.9,11.2,10.7,11.05,257839
SRF,20190829,2726,2787.95,2726,2740.6,177091
SRHHYPOLTD,20190829,98,99.4,92.4,95.3,2542
SRIPIPES,20190829,167,168.4,163.55,166.95,62611
SRTRANSFIN,20190829,980,987.35,960,967.15,1126422
SSWL,20190829,775.5,782.45,775.5,781.95,4374
STAMPEDE,20190829,0.75,0.75,0.65,0.7,15176
STAR,20190829,375.95,380.35,365.65,371,1354668
STARCEMENT,20190829,96.5,97.05,94.65,95.75,5769
STARPAPER,20190829,90,92,88.15,89.1,25436
STCINDIA,20190829,90.05,103.7,90.05,98.8,1604725
STEELCITY,20190829,31.5,32,30.1,30.75,16497
STEELXIND,20190829,11.9,11.9,10.6,11.35,45041
STEL,20190829,63,64,61.15,62.4,5723
STERTOOLS,20190829,143,145,138.15,144.15,10086
STINDIA,20190829,6.05,6.05,6.05,6.05,624
STRTECH,20190829,123,123,113.45,114.55,1215495
SUBEX,20190829,5.4,5.45,5.3,5.35,403320
SUBROS,20190829,226.65,232,221,223.3,30349
SUDARSCHEM,20190829,316.8,319,313,314.7,9444
SUJANAUNI,20190829,0.15,0.2,0.1,0.1,52743
SUMEETINDS,20190829,2.4,2.45,2.2,2.25,135973
SUMMITSEC,20190829,431,448.05,431,435.2,312
SUNCLAYLTD,20190829,1810,1868.95,1756.5,1786.2,575
SUNDARAM,20190829,1.4,1.5,1.35,1.4,228608
SUNDARMFIN,20190829,1528.9,1531.95,1495.5,1502.15,6903
SUNDARMHLD,20190829,71.55,74.5,71.1,72.05,10314
SUNDRMBRAK,20190829,248,259.8,240.05,243.75,1841
SUNDRMFAST,20190829,428.5,428.7,420.25,425.2,38896
SUNFLAG,20190829,25.95,26.6,25.55,25.7,41935
SUNPHARMA,20190829,428,438.6,421.1,434.65,19967263
SUNTECK,20190829,450,473.9,442.25,461.8,209852
SUNTV,20190829,442,448.85,431.3,439.8,1354405
SUPERHOUSE,20190829,70.75,72.95,67.5,71.35,2663
SUPERSPIN,20190829,4.4,4.4,3.75,4,76257
SUPPETRO,20190829,182.2,184.4,177.35,180.3,2179
SUPRAJIT,20190829,171.35,175,168.05,169.65,17118
SUPREMEIND,20190829,1119.5,1124.1,1091,1100,21231
SUPREMEINF,20190829,14.65,14.65,13.45,13.8,5613
SURANASOL,20190829,5.95,6.15,5.95,5.95,18050
SURANAT&P,20190829,3.6,3.8,3.6,3.65,880
SURYALAXMI,20190829,16.7,16.75,15.9,16.25,1775
SURYAROSNI,20190829,162.1,165.55,160,161.05,70762
SUTLEJTEX,20190829,26.1,26.2,25.1,25.7,7516
SUVEN,20190829,255,260.95,254.6,258.15,87823
SUZLON,20190829,4.1,4.1,3.6,3.65,39737256
SWANENERGY,20190829,114.9,114.9,110.25,111.8,92027
SWARAJENG,20190829,1163,1218,1135.55,1191.15,5290
SWELECTES,20190829,131.95,131.95,120.05,128.3,12950
SWSOLAR,20190829,619,634.45,615,619.6,43801
SYMPHONY,20190829,1240,1249,1229,1231.55,8686
SYNCOM,20190829,1.1,1.1,1.05,1.05,503
SYNDIBANK,20190829,30.55,31.1,30,30.3,609009
SYNGENE,20190829,304,306,301.45,305.5,30239
TAINWALCHM,20190829,49.9,49.9,45.5,46.05,1429
TAJGVK,20190829,125.65,127.35,124.2,124.7,2852
TAKE,20190829,117,119.9,115.45,118.05,194065
TALBROAUTO,20190829,106.35,108.3,104.8,107,4991
TALWALKARS,20190829,7.75,7.75,7.75,7.75,21242
TALWGYM,20190829,13.7,13.7,13.7,13.7,2537
TANLA,20190829,50.5,51.3,49.15,50,106283
TANTIACONS,20190829,1.95,1.95,1.95,1.95,10
TARAPUR,20190829,5.05,5.4,5.05,5.4,26376
TARMAT,20190829,20.35,21.5,19.85,20.35,2217
TASTYBITE,20190829,8310,8365,8269.95,8305.05,55
TATACHEM,20190829,563,575.4,557.35,570.4,940728
TATACOFFEE,20190829,75.2,76,72.85,73.8,207372
TATACOMM,20190829,427.7,448.05,412.1,418.65,94566
TATAELXSI,20190829,649.9,650,626.05,628.8,810449
TATAGLOBAL,20190829,281,282,271.45,274.55,4231503
TATAINVEST,20190829,761.1,773.9,751.35,756.65,6987
TATAMETALI,20190829,505.8,514.75,500,503.55,19705
TATAMOTORS,20190829,116.5,118.5,112.1,114.3,48098849
TATAMTRDVR,20190829,53,53.9,51.15,52.85,6089043
TATAPOWER,20190829,54.85,55.95,54.4,55.5,7509337
TATASPONGE,20190829,430,438,422.1,426,30616
TATASTEEL,20190829,334,342.65,328.6,335.55,13481310
TATASTLBSL,20190829,21.4,21.4,20.6,20.9,400159
TBZ,20190829,36.9,36.9,34.8,35,21788
TCI,20190829,296,298,295,295.05,3845
TCIDEVELOP,20190829,332.05,335.5,332.05,335.45,23
TCIEXP,20190829,643,643,619.1,621.45,7984
TCIFINANCE,20190829,10.1,10.45,9.8,10.05,5378
TCNSBRANDS,20190829,695,695,661.05,675.7,7537
TCPLPACK,20190829,283.3,283.3,273.3,275.35,909
TCS,20190829,2222.2,2248.2,2222.2,2233.45,1670652
TDPOWERSYS,20190829,138.85,138.95,132.1,132.15,1115
TEAMLEASE,20190829,2680.05,2764,2680,2732.7,2636
TECHIN,20190829,3.4,3.4,3.4,3.4,200
TECHM,20190829,684.15,694,681,691.15,2789979
TECHNOE,20190829,251.85,253.75,245,245.55,72913
TECHNOFAB,20190829,12.2,12.2,11.6,11.6,3791
TEJASNET,20190829,84.75,85,78.05,79.85,53564
TERASOFT,20190829,27.3,29.8,27.3,28.8,9215
TEXINFRA,20190829,34.35,35.7,33.05,34.85,22938
TEXMOPIPES,20190829,16.3,16.3,15.65,15.9,16030
TEXRAIL,20190829,46.75,46.75,45.05,45.55,98621
TFCILTD,20190829,85.6,87,84.15,85.3,124995
TFL,20190829,4.1,4.1,4.1,4.1,652
TGBHOTELS,20190829,4.8,4.8,4.75,4.75,4016
THANGAMAYL,20190829,296.4,296.4,290.1,293.1,245
THEINVEST,20190829,135.05,135.1,130,130.55,4283
THEMISMED,20190829,166,173.75,164.45,166.05,743
THERMAX,20190829,1019.2,1019.2,1000,1008.6,60381
THOMASCOOK,20190829,138,140.95,131.55,133.8,204863
THYROCARE,20190829,467.05,476,459.15,463.5,59377
TI,20190829,13.4,13.4,12.6,12.6,14911
TIDEWATER,20190829,4370.45,4450,4370.05,4422.4,526
TIIL,20190829,324,335,304.55,314.15,5923
TIINDIA,20190829,334.2,342,334.2,335.35,759125
TIJARIA,20190829,8.05,8.7,7.9,7.9,12724
TIL,20190829,186.05,190.45,182,182.75,3105
TIMESGTY,20190829,29,30.5,28.8,28.8,39
TIMETECHNO,20190829,65.9,65.9,61,61.4,159703
TIMKEN,20190829,683.15,707,681,703.9,33335
TINPLATE,20190829,102.9,104.4,100.2,101.25,236657
TIPSINDLTD,20190829,59,63,58.05,58.75,24542
TIRUMALCHM,20190829,59.85,60.3,57.8,58.15,80454
TITAN,20190829,1111.5,1115,1096.55,1101.8,1204392
TMRVL,20190829,12.3,12.8,11.65,12.6,7638
TNPETRO,20190829,31.85,32.7,30.6,31.7,84948
TNPL,20190829,190.9,192.05,188.85,190.4,26700
TNTELE,20190829,1.55,1.55,1.55,1.55,10
TOKYOPLAST,20190829,50,53.8,50,52.6,4341
TORNTPHARM,20190829,1672,1694,1657.95,1674.95,115576
TORNTPOWER,20190829,280.75,281,276,276.95,902248
TPLPLASTEH,20190829,101,103.85,100,101.95,2993
TREEHOUSE,20190829,5.65,6.1,5.55,5.75,18331
TREJHARA,20190829,16.15,16.15,16.15,16.15,4330
TRENT,20190829,478.65,486,466.5,469.25,120446
TRF,20190829,85.6,86.8,83.1,84.5,23280
TRIDENT,20190829,56.25,56.6,55.1,55.5,266013
TRIGYN,20190829,49,49.55,46,46.85,47779
TRIL,20190829,8,8,7.15,7.6,55410
TRITURBINE,20190829,99.1,103,99.1,100.35,11512
TRIVENI,20190829,55,56.4,53.5,54.1,468428
TTKHLTCARE,20190829,452.1,492.9,452.1,467.75,2247
TTKPRESTIG,20190829,5684.05,5795,5666.8,5771.35,2135
TTL,20190829,37.5,38.95,35.25,36.05,2775
TTML,20190829,2.45,2.5,2.35,2.45,574895
TV18BRDCST,20190829,21.65,21.65,20.2,20.4,1700881
TVSELECT,20190829,115.35,118.95,114.25,117,30087
TVSMOTOR,20190829,359,359,350,354.2,1233361
TVSSRICHAK,20190829,1767.8,1780,1718,1771.7,1100
TVTODAY,20190829,317.7,327.75,299.5,303.5,20211
TVVISION,20190829,1.45,1.45,1.4,1.4,12005
TWL,20190829,38.15,38.2,36.75,37.25,148720
UBL,20190829,1329.4,1377.3,1325.1,1363.9,481826
UCALFUEL,20190829,130,130.5,127.25,127.7,6800
UCOBANK,20190829,15.3,15.3,14.55,14.8,299260
UFLEX,20190829,209.5,213.2,206,207,38505
UFO,20190829,148.95,153.75,143.2,149.45,42764
UGARSUGAR,20190829,12.8,12.9,12.35,12.45,71385
UJAAS,20190829,3.85,4,3.4,3.65,214657
UJJIVAN,20190829,283,295,280.5,293.6,2288290
ULTRACEMCO,20190829,4105,4147.95,4045.5,4073.9,478219
UMANGDAIRY,20190829,44,44.65,43.05,44.1,1853
UNICHEMLAB,20190829,168.75,171.95,162.1,168.4,66617
UNIENTER,20190829,68,69.8,65.1,66.05,7359
UNIONBANK,20190829,59.9,60.7,58.5,59.65,6468842
UNIPLY,20190829,57.9,58,54.4,55.7,44836
UNITECH,20190829,0.7,0.7,0.65,0.7,3886236
UNITEDBNK,20190829,9.6,9.6,9.45,9.45,112003
UNITEDTEA,20190829,257.3,257.35,220.9,232.1,997
UNIVCABLES,20190829,154.35,154.35,140.05,141.9,24993
UPL,20190829,558,562.65,550.2,558.35,2733962
URJA,20190829,2.2,2.2,2.1,2.1,510687
USHAMART,20190829,27,27.8,25.8,27.05,933997
UTINEXT50,20190829,266.5,267.9,263,264.05,85
UTINIFTETF,20190829,1163.7,1163.9,1155,1162,1193
UTISENSETF,20190829,392.01,394.99,392.01,394,48
UTTAMSTL,20190829,8.05,8.05,7.4,7.6,32465
UTTAMSUGAR,20190829,108.9,112.85,106,107.2,148086
UVSL,20190829,0.1,0.1,0.05,0.05,22347754
V2RETAIL,20190829,118.65,119,112.8,114.35,39709
VADILALIND,20190829,687.8,700,655.85,664.15,52255
VAIBHAVGBL,20190829,851.95,855,837,848.75,10122
VAKRANGEE,20190829,31.3,31.4,29.8,30.2,3791247
VARDHACRLC,20190829,37.7,38.35,36.8,37.45,15028
VARDMNPOLY,20190829,2.95,3,2.9,2.9,624
VARROC,20190829,445.5,449.4,430,433.8,13901
VASCONEQ,20190829,10.7,10.75,10.3,10.5,48672
VASWANI,20190829,6.55,6.95,6.2,6.4,7355
VBL,20190829,641.95,652,640.6,650.1,352731
VEDL,20190829,132.7,137.95,130.8,135.75,14378990
VENKEYS,20190829,1362,1373.2,1342.05,1357.5,37615
VENUSREM,20190829,22.1,23.65,21.75,22,34900
VESUVIUS,20190829,986.1,997.15,943.05,973.6,26887
VETO,20190829,52.4,52.95,48.15,50.8,10951
VGUARD,20190829,226,230,224.5,229,147145
VHL,20190829,1526,1526,1462.25,1477.45,57
VICEROY,20190829,1.2,1.25,1.2,1.2,5946
VIDHIING,20190829,61,62.95,60,60.5,11676
VIJIFIN,20190829,0.4,0.45,0.4,0.45,28607
VIKASECO,20190829,3.75,3.75,3.6,3.75,251347
VIKASMCORP,20190829,2.8,3.1,2.8,2.95,429538
VIKASPROP,20190829,4.1,4.1,4.1,4.1,2419
VIKASWSP,20190829,11.85,11.85,11.85,11.85,7878
VIMTALABS,20190829,94.7,97.65,90.7,92.15,10576
VINATIORGA,20190829,2181,2216,2170.1,2186.45,26143
VINDHYATEL,20190829,823,823,795.1,800.55,8249
VINYLINDIA,20190829,64.55,65.7,63.2,64.9,3850
VIPCLOTHNG,20190829,13.45,13.8,12.8,13.2,45679
VIPIND,20190829,414,427.9,410,422.15,189286
VIPULLTD,20190829,35,35.95,33.2,34.4,136727
VISAKAIND,20190829,304,304,294,296.25,9278
VISASTEEL,20190829,4.8,5,4.4,4.5,4913
VISESHINFO,20190829,0.05,0.1,0.05,0.05,354370
VISHNU,20190829,102.95,103,99.2,99.55,588
VIVIDHA,20190829,0.2,0.25,0.15,0.2,311112
VIVIMEDLAB,20190829,16.2,16.2,15.1,15.4,18255
VLSFINANCE,20190829,42.85,42.85,41.5,42,19253
VMART,20190829,1949.95,1949.95,1782.1,1900.1,21490
VOLTAMP,20190829,1089.3,1089.45,1067.25,1075.45,2025
VOLTAS,20190829,627.95,632.5,617.1,630.35,946709
VRLLOG,20190829,296,302,288,296.85,86937
VSSL,20190829,74.9,77.45,73.5,75.8,17283
VSTIND,20190829,3494,3494,3382.3,3404.35,2477
VSTTILLERS,20190829,1008,1045,1004,1022.6,5962
VTL,20190829,881.2,896.45,874.95,879.1,4307
WABAG,20190829,281.35,281.35,275,276.8,43947
WABCOINDIA,20190829,6169.95,6169.95,6070,6113.85,4511
WALCHANNAG,20190829,56.6,57.4,55.05,55.45,87781
WANBURY,20190829,12.4,12.4,12.4,12.4,77
WATERBASE,20190829,99.5,99.7,96.75,98.15,31236
WEBELSOLAR,20190829,19.15,19.5,18.3,18.45,43347
WEIZFOREX,20190829,290.35,290.35,280.6,284.65,707
WEIZMANIND,20190829,28.5,28.9,25.55,27.95,163
WELCORP,20190829,117.2,120.4,117,118.95,1835923
WELENT,20190829,90.75,91.25,87.1,88.35,148986
WELINV,20190829,147.05,147.05,147,147,51
WELSPUNIND,20190829,48.7,49.4,48.4,49.05,121790
WENDT,20190829,2113,2165,2101.05,2148.15,64
WESTLIFE,20190829,281.85,286.6,278.1,280,39517
WHEELS,20190829,592.5,612.95,592.5,605.2,395
WHIRLPOOL,20190829,1543.9,1552.05,1536.9,1549.5,80161
WILLAMAGOR,20190829,16,16,15.35,15.4,581
WINDMACHIN,20190829,21.7,21.7,20.65,20.9,8100
WINSOME,20190829,0.15,0.15,0.15,0.15,390
WIPL,20190829,87.5,87.5,87.5,87.5,1
WIPRO,20190829,247.05,250.25,247.05,248.8,2719051
WOCKPHARMA,20190829,249.85,249.85,242.5,246.4,473428
WONDERLA,20190829,240.9,241,233.5,237.85,69492
WSI,20190829,0.5,0.5,0.5,0.5,301
WSTCSTPAPR,20190829,230.95,230.95,218.1,220.45,149257
XCHANGING,20190829,51.1,52.5,51,51.8,1266
XELPMOC,20190829,58,63.35,56.05,60.8,7130
XPROINDIA,20190829,26.05,27.8,26.05,26.2,323
YESBANK,20190829,59.25,59.3,55,57.4,188754023
ZEEL,20190829,364.2,367,358.2,362.1,3030633
ZEELEARN,20190829,23.1,24.5,23.1,23.5,44995
ZEEMEDIA,20190829,10.35,10.45,9.95,10.05,588393
ZENITHBIR,20190829,0.4,0.4,0.35,0.35,6399
ZENSARTECH,20190829,220,223.95,216.9,221.75,16393
ZENTEC,20190829,57.4,58,55.1,56.8,20381
ZICOM,20190829,1.05,1.1,1.05,1.05,1805
ZODIACLOTH,20190829,193.3,195.95,189.95,195.85,245
ZODJRDMKJ,20190829,31.55,34,29.25,30.05,1197
ZOTA,20190829,183.05,188.45,178,180.75,78425
ZUARI,20190829,99.85,100.75,97.35,98.9,21935
ZUARIGLOB,20190829,62.05,63.9,60.2,60.75,20568
ZYDUSWELL,20190829,1615,1660,1615,1632.35,5428
NSENIFTY,20190829,10996.05,11021.10,10922.40,10948.30,649876160,0
NIFTYJUNIOR,20190829,25979.60,26099.20,25820.25,26046.90,333285731,0
NIFTYMIDCAPLIQ15,20190829,3697.50,3697.50,3641.10,3674.10,82426932,0
NSE100,20190829,11107.60,11135.85,11034.30,11069.30,989250934,0
NIFTY200,20190829,5665.40,5678.55,5625.20,5646.75,1393724999,0
NSE500,20190829,8938.05,8954.65,8874.25,8906.10,1630842337,0
NSEMIDCAP150,20190829,5678.30,5683.55,5621.05,5659.80,422087639,0
MIDCAP50,20190829,4225.60,4237.55,4167.30,4220.80,322216559,0
NSEMIDCAP,20190829,15534.45,15561.60,15355.65,15504.95,404474065,0
NIFTYSMALLCAP250,20190829,-,-,-,4438.85,-,0
NIFTYSMALLCAP50,20190829,-,-,-,2590.00,-,0
NSESMLCAP100,20190829,5419.60,5425.20,5365.80,5380.00,-,0
NIFTYLARGEMIDCAP250,20190829,-,-,-,5433.22,1411338573,0
NIFTYMIDSMALLCAP400,20190829,-,-,-,5224.05,-,0
NIFTYAUTO,20190829,7000.60,7043.90,6944.10,6970.15,86464330,0
BANKNIFTY,20190829,27694.95,27719.05,27239.95,27305.20,377438481,0
NIFTYFINSERVICE,20190829,12523.35,12523.75,12311.25,12341.10,148469167,0
NIFTYFMGC,20190829,28707.85,28930.35,28626.80,28751.80,28222760,0
NSEIT,20190829,15774.65,15943.30,15754.90,15884.55,20870908,0
NIFTYMEDIA,20190829,1922.60,1922.60,1882.75,1892.15,37641210,0
NIFTYMETAL,20190829,2212.95,2274.75,2196.10,2254.35,162182495,0
NIFTYPHARMA,20190829,7802.00,7933.45,7742.15,7912.50,33594732,0
NIFTYPVTBANK,20190829,15372.35,15391.05,15128.80,15191.00,307513206,0
NIFTYPSUBANK,20190829,2503.00,2517.50,2441.95,2449.45,93280722,0
NIFTYREALTY,20190829,262.40,264.90,260.70,263.80,18605775,0
NIFTYCOMMODITIES,20190829,3057.05,3085.25,3040.25,3076.60,325935921,0
NIFTYCONSUMPTION,20190829,4607.00,4640.60,4587.05,4615.45,56858209,0
NIFTYCPSE,20190829,1828.60,1881.15,1820.50,1864.90,223196545,0
NIFTYENERGY,20190829,14371.95,14496.20,14299.95,14440.65,162890893,0
NIFTY100ESG,20190829,-,-,-,2043.59,799701579,0
NIFTY100ENHESG,20190829,-,-,-,2073.70,747294012,0
NIFTYINFRA,20190829,2992.70,3021.90,2982.30,3013.25,330948830,0
NIFTYMNC,20190829,12191.20,12251.30,12125.90,12189.50,51856721,0
NIFTYPSE,20190829,3003.70,3057.05,2986.45,3042.70,261190591,0
NIFTYSMEEMERGE,20190829,-,-,-,1339.51,974200,0
NIFTYSERVSECTOR,20190829,15803.05,15827.15,15667.90,15702.30,475098014,0
NIFTYSHARIAH25,20190829,-,-,-,3981.67,81393034,0
NIFTY50SHARIAH,20190829,-,-,-,2442.34,111956274,0
NIFTY500SHARIAH,20190829,-,-,-,2833.71,273615758,0
NIFTYABGROUP,20190829,-,-,-,2760.07,172589436,0
NIFTYMAHINDRA,20190829,-,-,-,9334.23,8625231,0
NIFTYTATA,20190829,-,-,-,6808.90,86311677,0
NIFTYTATA25CAP,20190829,-,-,-,4345.00,78823122,0
NIFTYABGROUP,20190829,-,-,-,2760.07,172589436,0
NIFTYLIQ15,20190829,3392.15,3403.30,3353.50,3375.30,406620712,0
NIFTY500VALUE50,20190829,-,-,-,3425.24,429989390,0
NIFTYALPHALOWVOL30,20190829,-,-,-,11310.72,146896062,0
NIFTYQUALLOWVOL30,20190829,-,-,-,7956.76,88186410,0
NIFTYALPHAQUALLOWVOL30,20190829,-,-,-,9069.75,97545784,0
NIFTYALPHAQUALVALLOWVOL30,20190829,-,-,-,7005.16,164928784,0
NIFTY50EQUALWEIGHT,20190829,11248.35,11321.70,11181.85,11272.40,649876160,0
NIFTY100EQUALWEIGHT,20190829,12040.50,12103.40,11963.95,12060.90,989250934,0
NIFTY100LOWVOL30,20190829,8450.90,8496.65,8423.20,8453.90,144117443,0
NSEDEFTY,20190829,-,-,-,5285.56,-,0
NIFTY50DIVPOINT,20190829,96.23,96.23,96.23,96.23,-,0
NIFTYDIVOPPS50,20190829,2450.00,2477.15,2443.25,2471.25,329660378,0
NIFTYALPHA50,20190829,11783.15,11791.25,11636.25,11687.85,199313056,0
NIFTY50ARBITRAGE,20190829,-,-,-,1848.09,-,0
NIFTY50FUTINDEX,20190829,-,-,-,3751.62,-,0
NIFTY50FUTTRINDEX,20190829,-,-,-,11031.77,-,0
NIFTYHIGHBETA50,20190829,-,-,-,1241.60,673953808,0
NIFTYLOWVOL50,20190829,-,-,-,9675.29,229934776,0
NIFTY200QUALITY30,20190829,-,-,-,9247.35,-,0
NIFTY50VALUE20,20190829,5156.75,5215.35,5147.90,5192.85,419379730,0
NIFTYGROWSECT15,20190829,5598.10,5619.85,5553.30,5577.85,248115534,0
NIFTY50TR2XLEV,20190829,5727.55,5753.70,5650.70,5677.50,-,0
NIFTY50PR2XLEV,20190829,4422.40,4442.60,4363.10,4383.80,-,0
NIFTY50TR1XINV,20190829,370.45,372.90,369.60,372.05,-,0
NIFTY50PR1XINV,20190829,421.55,424.35,420.60,423.40,-,0
NIFTY-GS-COMPSITE,20190829,2035.25,2035.70,2029.90,2037.28,-,0
NIFTY-GS-4-8YR,20190829,2113.34,2114.02,2109.65,2115.64,-,0
NIFTY-GS-8-13YR,20190829,2004.60,2005.30,1998.90,2006.64,-,0
NIFTY-GS-10YR,20190829,1850.38,1851.25,1842.72,1853.01,-,0
NIFTY-GS-10YR-CLN,20190829,956.26,956.72,952.27,957.64,-,0
NIFTY-GS-11-15YR,20190829,2133.01,2135.95,2129.21,2133.32,-,0
NIFTY-GS-15YRPLUS,20190829,2314.42,2314.42,2313.94,2311.42,-,0
VIX,20190829,16.84,17.45,13.87,16.43,0,0
